0.285435, 0.323541, 0.553327, 0.414917, 0.96229, 0.768505, 0.448087
0.653097, 0.581426, 0.335447, 0.843495, 0.372278, 0.261756
0.0411166, 0.542089, 0.115757, 0.0942565, 0.416996, 0.677991
0.142583, 0.595169, 0.243268, 0.351794, 0.400258, 0.24064, 0.284235
0.30614, 0.322277, 0.493792, 0.189968, 0.336574, 0.503415, 0.759641
0.355295, 0.57462, 0.113941, 0.779194, 0.066764, 0.859529, 0.183234
0.312989, 0.128893, 0.0670143, 0.756294, 0.941835, 0.891998
0.0485341, 0.856266, 0.380732, 0.36105, 0.273846, 0.488103, 0.75329
0.0477058, 0.275539, 0.305816, 0.640733, 0.910279, 0.962512, 0.91768
0.134494, 0.844202, 0.225442, 0.669301, 0.912806, 0.624465
0.0487625, 0.372685, 0.52094, 0.53321, 0.943173, 0.129723, 0.364111
0.270809, 0.767867, 0.0267718, 0.0203243, 0.883884, 0.0450888
0.160471, 0.749753, 0.743394, 0.952513, 0.409357, 0.053462, 0.84947
0.81135, 0.711238, 0.276609, 0.136082, 0.941285, 0.947803, 0.845806
0.0243136, 0.108939, 0.336449, 0.568618, 0.546519, 0.504672
0.855147, 0.303298, 0.472896, 0.704316, 0.245424, 0.346608, 0.325492
0.360494, 0.343593, 0.411067, 0.133878, 0.331364, 0.223292, 0.580469
0.0318373, 0.87175, 0.525813, 0.456709, 0.23402, 0.0833274, 0.22334
0.990675, 0.369451, 0.267948, 0.250177, 0.0463511, 0.500528
0.357456, 0.0078947, 0.869645, 0.0470201, 0.512293, 0.617736
0.368301, 0.969798, 0.356724, 0.355443, 0.206884, 0.660795, 0.513648
0.659874, 0.941497, 0.446606, 0.729508, 0.000470396, 0.339384
0.665544, 0.498035, 0.330772, 0.862846, 0.708253, 0.00344564
0.260541, 0.294214, 0.00301802, 0.600672, 0.510465, 0.68917
0.554144, 0.199749, 0.806168, 0.896867, 0.541016, 0.244181, 0.82297
0.971662, 0.646937, 0.0941389, 0.667911, 0.0467328, 0.922495
0.176303, 0.228703, 0.963506, 0.523571, 0.13193, 0.23662, 0.875635
0.769743, 0.332318, 0.469801, 0.304624, 0.535867, 0.784621, 0.57421
0.88903, 0.4712, 0.41967, 0.998893, 0.152082, 0.120023, 0.796757
0.87901, 0.650728, 0.167302, 0.332341, 0.534347, 0.618615, 0.842002
0.337729, 0.253518, 0.232456, 0.92762, 0.0485947, 0.26905, 0.798984
0.382896, 0.622703, 0.662851, 0.380287, 0.467327, 0.288844, 0.194291
0.805418, 0.602317, 0.288919, 0.0309241, 0.0895406, 0.100014
0.703093, 0.230385, 0.542195, 0.495878, 0.599023, 0.220399, 0.791834
0.182243, 0.0248253, 0.775942, 0.27538, 0.0483739, 0.948129
0.721437, 0.251387, 0.455705, 0.00547703, 0.185645, 0.3694, 0.975658
0.593463, 0.855291