0.772385, 0.0302189, 0.825836, 0.433817, 0.684883, 0.499411, 0.07355
0.94069, 0.693371, 0.947784, 0.411451, 0.29442, 0.167952, 0.871997
0.209754, 0.836846, 0.704028, 0.187555, 0.896077, 0.71552, 0.196459
0.303167, 0.109223, 0.849036, 0.122861, 0.133246, 0.575073, 0.903216
0.577616, 0.548637, 0.367603, 0.964267, 0.853902, 0.0285614
0.222205, 0.570262, 0.178062, 0.097163, 0.613904, 0.858782, 0.522127
0.926451, 0.733642, 0.641216, 0.717721, 0.591969, 0.192771, 0.795515
0.294321, 0.574434, 0.868774, 0.0302958, 0.00271989, 0.94783
0.907237, 0.284269, 0.821394, 0.515104, 0.491682, 0.910356, 0.819816
0.689326, 0.626023, 0.394774, 0.64111, 0.796403, 0.451356, 0.776212
0.94979, 0.348706, 0.627635, 0.426217, 0.034264, 0.975813, 0.681616
0.892627, 0.504415, 0.0584096, 0.203055, 0.80044, 0.585783, 0.382074
0.931514, 0.463694, 0.974255, 0.526318, 0.538473, 0.383831, 0.934953
0.0387248