0.242579, 0.141471, 0.796333, 0.0152225, 0.0889578, 0.584356
0.316663, 0.191346, 0.383527, 0.821328, 0.575166, 0.294593, 0.842792
0.754585, 0.692077, 0.359588, 0.977272, 0.910663, 0.945719, 0.745326
0.790899, 0.224119, 0.642468, 0.842412, 0.797487, 0.308434, 0.166671
0.803911, 0.399802, 0.980672, 0.876498, 0.079595, 0.778899, 0.622758
0.026215, 0.775921, 0.30602, 0.708859, 0.439889, 0.0389594, 0.888118
0.975866, 0.367685, 0.874457, 0.906865, 0.442339, 0.265126, 0.685129
0.662842, 0.91839, 0.869374, 0.748436, 0.559219, 0.26367, 0.642626
0.990045, 0.0542539, 0.930203, 0.107774, 0.921813, 0.382936, 0.56394
0.275983, 0.504447, 0.33025, 0.755757, 0.0459872, 0.809973, 0.870251
0.0931032, 0.494982, 0.894779, 0.90054, 0.452179, 0.325076, 0.270682
0.342375, 0.50911, 0.824202, 0.0234348, 0.396368, 0.481021, 0.518819
0.489962, 0.444599, 0.288434, 0.084038, 0.189592, 0.839784, 0.79096
0.652666, 0.0288537, 0.316236, 0.22544, 0.695459, 0.318279, 0.794208
0.798373, 0.852896, 0.305845, 0.54169, 0.813178, 0.148388, 0.812853
0.549413, 0.71147, 0.204331, 0.954583, 0.839301, 0.387078, 0.505145
0.245233, 0.913184, 0.79729, 0.955453, 0.797465, 0.713001, 0.228062
0.196086, 0.0348686, 0.856368, 0.614674, 0.122585, 0.600548
0.210217, 0.336875, 0.156537, 0.744282, 0.0702827, 0.257334
0.746343, 0.510288, 0.98642, 0.267568, 0.882593, 0.546735, 0.328282
0.518751, 0.449768, 0.00337862, 0.642125, 0.390059, 0.926098
0.278554, 0.0484917, 0.792514, 0.848363, 0.287363, 0.510613
0.870661, 0.956824, 0.842052, 0.946416, 0.4678, 0.585071, 0.136259
0.620886, 0.519458, 0.0812852, 0.65293, 0.797466, 0.908549, 0.69394
0.402825, 0.157812, 0.810421, 0.576696, 0.815648, 0.639713, 0.463793
0.126009, 0.413814, 0.960146, 0.0878048, 0.725347, 0.863976
0.610328, 0.97331, 0.67223, 0.0146037, 0.608946, 0.79779