0.649505, 0.50372, 0.185705, 0.809847, 0.383181, 0.71419, 0.00948492
0.661035, 0.944846, 0.288983, 0.271468, 0.334578, 0.94521, 0.76101
0.576424, 0.600212, 0.370474, 0.849837, 0.121744, 0.309444, 0.218504
0.799473, 0.452523, 0.529073, 0.837588, 0.088212, 0.665119, 0.981787
0.872336, 0.334911, 0.0358741, 0.413301, 0.850072, 0.533611
0.265201, 0.644394, 0.95181, 0.901564, 0.0695056, 0.825119, 0.585026
0.672196, 0.0729478, 0.229342, 0.747287, 0.857971, 0.143567
0.791464, 0.731132, 0.64188, 0.60683, 0.663965, 0.161994, 0.513506
0.858443, 0.878208, 0.770843, 0.769097, 0.461944, 0.341618
0.0879543, 0.411664, 0.97185, 0.191249, 0.393983, 0.911136, 0.841644
0.688784, 0.268741, 0.749781, 0.993123, 0.573335, 0.307467, 0.911337
0.416594, 0.895949, 0.712128, 0.196505, 0.568827, 0.617375, 0.613774
0.759088, 0.298647, 0.0600046, 0.337814, 0.876722, 0.180082, 0.8809
0.381616, 0.925424, 0.63876, 0.3692, 0.105938, 0.66643, 0.864839
0.0635528, 0.535704, 0.29292, 0.455593, 0.75317, 0.426742, 0.624515
0.344511, 0.0196628, 0.425646, 0.810281, 0.577631, 0.863148, 0.19649
0.136261, 0.113142, 0.157613, 0.167483, 0.423939, 0.00336459
0.529644, 0.0736653, 0.850818, 0.958114, 0.128799, 0.863245
0.111343, 0.370753, 0.368855, 0.311263, 0.293253, 0.745303, 0.453013
0.316397, 0.16712, 0.0841168, 0.056536