0.0214373, 0.110995, 0.0693494, 0.260357, 0.717118, 0.335097
0.459276, 0.889847, 0.191032, 0.0231808, 0.308515, 0.721773
0.833996, 0.340411, 0.935757, 0.83837, 0.742267, 0.154142, 0.416861
0.473869, 0.955533, 0.647351, 0.715543, 0.848291, 0.582922
0.0382399, 0.00537195, 0.902557, 0.0154612, 0.8646, 0.168189
0.120971, 0.39277, 0.467164, 0.460384, 0.0461772, 0.995969, 0.24392
0.486585, 0.0254085, 0.299877, 0.253287, 0.928821, 0.342639
0.863735, 0.618952, 0.843482, 0.606835, 0.0111447, 0.149721
0.239174, 0.205863, 0.474656, 0.160878, 0.376574, 0.810408
0.0617228, 0.149885, 0.962904, 0.393045, 0.4141, 0.283009, 0.615755
0.300569, 0.923246, 0.278017, 0.511379, 0.268612, 0.716809, 0.966803
0.885272, 0.493245, 0.829759, 0.893367, 0.670327, 0.639258, 0.335502
0.923061, 0.511639, 0.522944, 0.46012, 0.71667, 0.547273, 0.506341
0.267013, 0.784972, 0.479191, 0.604901, 0.854851, 0.111758, 0.661421
0.735006, 0.1606, 0.0827208, 0.360986, 0.342662, 0.395809, 0.783314
0.311157, 0.380251, 0.553901, 0.361563, 0.427083, 0.47934, 0.607465
0.0634997, 0.98277, 0.90453, 0.34879, 0.676712, 0.225638, 0.889011
0.803814, 0.928028, 0.571871, 0.828106, 0.573453, 0.856319, 0.837959
0.416877, 0.441863, 0.604992, 0.696459, 0.658997, 0.915044, 0.392961
0.269532, 0.861167, 0.659334, 0.289299, 0.986866, 0.551401, 0.214023
0.199125, 0.804279, 0.766179, 0.78257, 0.72886, 0.688941, 0.757604
0.853272, 0.15509, 0.325218, 0.48206, 0.0703455, 0.306451, 0.401662
0.0434354, 0.431649, 0.480472, 0.770686, 0.729621, 0.915737, 0.72353
0.687605, 0.176994, 0.365166, 0.921876, 0.127151, 0.843534
0.0937542, 0.92837, 0.751556, 0.48946, 0.120887, 0.67705, 0.743249
0.0955323, 0.968244, 0.787086, 0.794448, 0.264967, 0.209606, 0.34057
0.776265, 0.18422, 0.724719, 0.652846, 0.250034, 0.230086, 0.598316
0.34671, 0.223101, 0.962398, 0.635185, 0.186799, 0.406667, 0.115648
0.583719, 0.102281, 0.454369, 0.00522963, 0.253262, 0.198396
0.434481, 0.470361, 0.893751, 0.809761, 0.405111, 0.279232, 0.586336
0.0999596, 0.0922184, 0.135995, 0.623432, 0.95893, 0.649569, 0.42194
0.33846, 0.96166, 0.567564, 0.863412, 0.0108081, 0.207665, 0.672871
0.0545155, 0.759122, 0.0589856, 0.627997, 0.649371, 0.706999
0.52798, 0.312344, 0.355471, 0.487963, 0.0384795, 0.431879, 0.502592
0.664415, 0.913438, 0.52822, 0.879465, 0.14579, 0.111743, 0.552575
0.667586, 0.539427, 0.212579, 0.332993, 0.608945, 0.176957, 0.338918
0.90457, 0.517679, 0.00716912, 0.94227, 0.263644, 0.766249, 0.534115
0.472436, 0.4475, 0.326842, 0.0490693, 0.761993, 0.568394, 0.575354
0.226762, 0.750623, 0.733482, 0.234793, 0.473212, 0.161292, 0.749391
0.197228, 0.832823, 0.701251, 0.323376, 0.760599, 0.980356, 0.9549
0.465466, 0.112452, 0.331093, 0.268558, 0.08831, 0.0681112, 0.686452
0.486463, 0.87314, 0.419625, 0.564984, 0.334815, 0.869979, 0.335845
0.831829, 0.517159, 0.758155, 0.44825, 0.799571, 0.54728, 0.531978
0.319935, 0.326814, 0.200442, 0.703157, 0.766253, 0.020989, 0.269819
0.0402975, 0.687597, 0.0646726, 0.749731, 0.108656, 0.9518, 0.200537
0.558956