0.376245, 0.22611, 0.674198, 0.000437273, 0.818493, 0.507474
0.575676, 0.753951, 0.905791, 0.306906, 0.0371378, 0.0890938
0.0225324, 0.422204, 0.311816, 0.285031, 0.7486, 0.964215, 0.276534
0.833847, 0.046895, 0.97476, 0.748159, 0.439316, 0.793783, 0.652655
0.807838, 0.808952, 0.0241414, 0.382513, 0.528654, 0.461828
0.399025, 0.584012, 0.630095, 0.785252, 0.81727, 0.759532, 0.0695508
0.462181, 0.109885, 0.282413, 0.858277, 0.0788566, 0.890991
0.304288, 0.511647, 0.639863, 0.140466, 0.123255, 0.739932, 0.301716
0.779768, 0.0530553, 0.334987, 0.960787, 0.335211, 0.240733
0.910796, 0.564604, 0.329661, 0.517932, 0.0889643, 0.192034
0.160003, 0.560867, 0.402409, 0.0541727, 0.372161, 0.637565
0.950034, 0.87297, 0.057167, 0.129827, 0.746697, 0.768592, 0.0419617
0.848283, 0.372881, 0.893152, 0.663799, 0.978412, 0.359039, 0.181542
0.983037, 0.138866, 0.549495, 0.873083, 0.899917, 0.706302, 0.967674
0.735607, 0.538508, 0.838704, 0.976483, 0.992406, 0.585424, 0.836348
0.929372, 0.950743, 0.354784, 0.286426, 0.189751, 0.939094, 0.834846
0.251388, 0.0496196, 0.245827, 0.777522, 0.554741, 0.608577
0.306893, 0.207032, 0.492792, 0.963741, 0.677524, 0.480474, 0.880266
0.650343, 0.350595, 0.98476, 0.472124, 0.920293, 0.0521484
0.0128895, 0.609986, 0.371432, 0.812436, 0.881873, 0.865688
0.790252, 0.840469, 0.279255, 0.13802, 0.782683, 0.766235, 0.550749
0.512817, 0.835154, 0.185589, 0.34036, 0.270702, 0.521427, 0.39478
0.318036, 0.898666, 0.202499, 0.304684, 0.0179899, 0.797273
0.0522376, 0.243798, 0.232843, 0.888968, 0.677507, 0.559539
0.708864, 0.431212, 0.841275, 0.00951004, 0.383637, 0.052364
0.421511, 0.857051, 0.918611, 0.00255472, 0.0373073, 0.763046
0.69572, 0.86514, 0.921575, 0.315036, 0.997945, 0.709593, 0.654927
0.82233, 0.608329, 0.38221, 0.0959115, 0.155715, 0.247027, 0.519994
0.859319, 0.819217, 0.361136, 0.415098, 0.301511, 0.989215, 0.785005
0.845725, 0.835474, 0.535231, 0.602031, 0.928381, 0.446465, 0.353783
0.426228, 0.667284, 0.596362, 0.329537, 0.402769, 0.623476, 0.28455
0.375057, 0.239662, 0.92083, 0.295083, 0.932108, 0.560348, 0.230486
0.990051, 0.00582075, 0.223065, 0.608168, 0.229129, 0.603614
0.46466, 0.463622, 0.797337, 0.819481, 0.113907, 0.137286, 0.232137
0.152054, 0.638117, 0.518297, 0.347975, 0.657192, 0.619185, 0.684106
0.797731, 0.962885, 0.694545, 0.798496, 0.640337, 0.749883, 0.764891
0.546642, 0.569743, 0.364681, 0.963575, 0.0974963, 0.203917
0.937259, 0.0912169, 0.318632, 0.437357, 0.501171, 0.359335
0.293249, 0.983137, 0.526447, 0.167191, 0.659121, 0.653867
0.0804537, 0.715727, 0.148779, 0.529359, 0.0828169, 0.651498
0.881704, 0.813191, 0.54848, 0.57334, 0.460857, 0.508694, 0.205405
0.421596, 0.194737, 0.955302, 0.0519275, 0.733081, 0.991896, 0.45304
0.35957, 0.903033, 0.60181, 0.0010151, 0.543681, 0.426912, 0.351526
0.674696, 0.939829, 0.680829, 0.527898, 0.351758, 0.678346, 0.526926
0.00544536, 0.873317, 0.840094, 0.749801, 0.169159, 0.682027
0.72812, 0.0820452, 0.990645, 0.0776943, 0.744877, 0.634176
0.550896, 0.166049, 0.841911, 0.554495, 0.0257635, 0.606312
0.706286, 0.248518, 0.970991, 0.554793, 0.716895, 0.623163, 0.101188
0.892566, 0.849207, 0.907673, 0.239995, 0.0660563, 0.16118
0.0450607, 0.303839, 0.0721838, 0.761676, 0.104863, 0.101765
0.894814, 0.546918, 0.252695, 0.123131, 0.254495, 0.204441, 0.353667
0.871019, 0.320756, 0.90277, 0.775083, 0.0150419, 0.106453, 0.855985
0.433166, 0.71619, 0.134905, 0.00904345, 0.882124, 0.518205
0.347911, 0.987767, 0.128713, 0.549355, 0.595976, 0.339664, 0.36374
0.634219, 0.0720208, 0.979128, 0.625065, 0.775001, 0.395413
0.0285667, 0.195526, 0.582761, 0.71853, 0.881713, 0.97491, 0.15412
0.988024, 0.0852012, 0.834949, 0.401514, 0.117695, 0.847795
0.212568, 0.524199, 0.877497, 0.470601, 0.110117, 0.0368913
0.0428153, 0.64198