0.299001, 0.100355, 0.392132, 0.582001, 0.642684, 0.401423, 0.538142,
0.550012, 0.155734, 0.378672, 0.482955, 0.980314, 0.331443, 0.965838,
0.208625, 0.376701, 0.544924, 0.146241, 0.665104, 0.287856, 0.821091,
0.199493, 0.410713, 0.649188, 0.198411, 0.204407, 0.765187,
0.000418258, 0.616295, 0.750478, 0.325478, 0.00600578, 0.134837,
0.892251, 0.722883, 0.119597, 0.206474, 0.772829, 0.0502039,
0.564792, 0.653329, 0.153593, 0.396867, 0.489991, 0.389858, 0.741778,
0.514119, 0.0163327, 0.213955, 0.667783, 0.139448, 0.0311585,
0.897104, 0.537341, 0.313635, 0.834333, 0.164413, 0.688661, 0.378712,
0.959105, 0.00608626, 0.791472, 0.00855444, 0.441996, 0.594628,
0.659139, 0.511236, 0.953393, 0.648682, 0.57662, 0.312964, 0.021874,
0.703335, 0.496333, 0.52933, 0.618717, 0.313908, 0.387825, 0.67965,
0.540722, 0.627024, 0.191971, 0.375681, 0.613913, 0.770092, 0.785618,
0.425289, 0.605156, 0.221462, 0.656009, 0.817829, 0.166131, 0.730478,
0.420523, 0.541032, 0.790524, 0.741444, 0.428341, 0.540565, 0.430022,
0.184598, 0.691401, 0.200321, 0.703837, 0.927229, 0.527406, 0.337065,
0.351032, 0.398193, 0.518082, 0.42458, 0.51741, 0.404953, 0.808194,
0.520692, 0.811561, 0.00735787, 0.305579, 0.234157, 0.877489,
0.128708, 0.870699, 0.525431, 0.10524, 0.105804, 0.203577,
0.00907074, 0.584476, 0.70975, 0.870884, 0.839095, 0.568202,
0.484157, 0.747665, 0.177382, 0.0283162, 0.89702, 0.444862, 0.954865,
0.481766, 0.815192, 0.0610279, 0.0422137, 0.344998, 0.138693,
0.931071, 0.993553, 0.268456, 0.182604, 0.155309, 0.0566824,
0.0920878, 0.0473881, 0.795, 0.240232, 0.275928, 0.603561, 0.485432,
0.861097, 0.225776, 0.64817, 0.388401, 0.711751, 0.444537, 0.439923,
0.693794, 0.931684, 0.592767, 0.671125, 0.948859, 0.155351, 0.22904,
0.518004, 0.99313, 0.610057, 0.105635, 0.343489, 0.410088, 0.866051,
0.423989, 0.0814885, 0.580581, 0.507601, 0.0739004, 0.235887,
0.500051, 0.504381, 0.572003, 0.614766, 0.738735, 0.0821975, 0.4537,
0.847814, 0.960936, 0.496466, 0.879484, 0.914106, 0.759096, 0.474463,
0.968142, 0.488584, 0.69163, 0.658681, 0.271963, 0.266583, 0.256923,
0.630364, 0.698441, 0.28384, 0.222105, 0.368959, 0.409686, 0.947373,
0.410128, 0.829551, 0.200412, 0.103697, 0.439193, 0.117492,
0.0533827, 0.0386116, 0.420758, 0.661743, 0.94283, 0.390788, 0.9904,
0.720671, 0.0246848, 0.506055, 0.243579, 0.909761, 0.433245,
0.979965, 0.194727, 0.854462, 0.108948, 0.651357, 0.154792, 0.16964,
0.522202, 0.99728, 0.587682, 0.934414, 0.618392, 0.736948, 0.0226927,
0.830461, 0.0996537, 0.615235, 0.620591, 0.725215, 0.447365,
0.555284, 0.595209, 0.331049, 0.386444, 0.00735288, 0.689324,
0.252214, 0.291136, 0.149674, 0.851259, 0.680476, 0.0584853,
0.294118, 0.185509, 0.570973, 0.315581, 0.811659, 0.559343, 0.849956,
0.891932, 0.682332, 0.124084, 0.634324, 0.398852, 0.707095, 0.047348,
0.854748, 0.74296, 0.72044, 0.0693664, 0.460992, 0.961989, 0.683074,
0.562377, 0.329464, 0.431994, 0.0406811, 0.263136, 0.21426, 0.309439,
0.836492, 0.255947, 0.125874, 0.707158, 0.119737, 0.003281, 0.894999,
0.624201