0.550
0.533
0.192
0.466
0.307
0.010
0.518
0.191
0.193
0.569
0.567
0.480
0.324
0.481
0.259
0.936
0.736
0.294
0.555
0.097
0.213
0.333
0.229
0.421
0.375
0.578
0.461
0.995
0.825
0.031
0.825
0.884
0.893
0.298
0.608
0.263
0.671
0.131
0.379
0.769
0.878
0.201
0.589
0.545
0.814
0.363
0.979
0.246
0.925
0.089
0.550
0.369
0.250
0.763
0.296
0.249
0.134
0.184
0.149
0.799
0.125
0.784
0.261
0.483
0.569
0.532
0.629
0.377
0.516
0.218
0.481
0.585
0.867
0.953
0.235
0.477
0.370
0.976
0.750
0.380
0.532
0.876
0.318
0.328
0.842
0.207
0.088
0.178
0.805
0.479
0.962
0.734
0.971
0.165
0.552
0.210
0.950
0.877
0.813
0.144
0.342
0.385
0.645
0.960
0.743
0.847
0.658
0.224
0.623
0.879
0.123
0.280
0.917
0.285
0.342
0.867
0.217
0.636
0.355
0.277
0.193
0.452
0.394
0.044
0.244
0.999
0.497
0.359
0.436
0.545
0.256
0.951
0.092
0.816
0.177
0.518
0.946
0.652
0.188
0.673
0.676
0.247
0.715
0.856
0.520
0.532
0.792
0.311
0.539
0.651
0.810
0.532
0.570
0.066
0.263
0.964
0.180
0.356
0.989
0.309
0.663
0.953
0.772
0.967
0.527
0.881
0.630
0.844
0.673
0.569
0.482
0.060
0.904
0.463
0.901
0.518
0.685
0.680
0.814
0.716
0.399
0.082
0.345
0.056
0.835
0.368
0.605
0.757
0.864
0.242
0.831
0.285
0.284
0.531
0.787
0.735
0.022
0.210
0.263
0.104
0.773
0.201
0.229
0.642
0.664
0.593
0.276
0.767
0.655
0.411
0.845
0.979
0.646
0.705
0.241
0.602
0.434
0.281
0.168
0.427
0.944
0.847
0.371
0.298
0.564
0.382
0.074
0.378
0.674
0.896
0.318
0.775
0.686
0.015
0.752
0.942
0.342
0.086
0.055
0.522
0.368
0.194
0.506
0.502
0.096
0.183
0.920
0.183
0.723
0.527
0.256
0.681
0.659
0.129
0.390
0.155
0.075
0.794
0.783
0.511
0.186
0.467
0.463
0.727
0.407
0.130
0.238
0.829
0.789
0.388
0.482
0.668
0.404
0.404
0.836
0.974
0.426
0.804
0.850
0.563
0.612
0.101
0.369
0.860
0.399
0.643
0.839
0.118
0.863
0.543
0.985
0.820
0.768
0.813
0.555
0.809
0.031
0.153
0.774
0.676
0.779
0.256
0.325
0.439
0.154
0.054
0.917
0.375
0.139
0.197
0.297
0.659
0.237
0.109
0.579
0.283
0.973
0.966
0.998
0.103
0.880
0.775
0.454
0.613
0.577
0.944
0.607
0.875
0.400
0.913
0.886
0.277
0.096
0.567
0.705
0.375
0.264
0.783
0.320
0.594
0.723
0.132
0.233
0.284
0.149
0.392
0.896
0.422
0.192
0.793
0.071
0.355
0.236
0.567
0.164
0.292
0.896
0.968
0.475
0.689
0.955
0.851
0.284
0.628
0.903
0.559
0.660
0.595
0.174
0.121
0.438
0.642
0.860
0.123
0.890
0.933
0.924
0.227
0.689
0.447
0.961
0.062
0.061
0.302
0.749
0.934
0.302
0.017
0.737
0.763
0.144
0.803
0.192
0.288
0.549
0.190
0.400
0.007
0.146
0.563
0.785
0.569
0.103
0.084
0.916
0.381
0.977
0.750
0.476
0.163
0.877
0.120
0.805
0.297
0.440
0.848
0.924
0.472
0.753
0.241
0.757
0.514
0.964
0.144
0.955
0.166
0.034
0.400
0.417
0.110
0.411
0.200
0.478
0.050
0.931
0.089
0.723
0.134
0.025
0.313
0.018
0.508
0.063
0.886
0.995
0.377
0.951
0.121
0.417
0.894
0.017
0.648
0.039
0.895
0.720
0.900
0.206
0.182
0.400
0.933
0.404
0.173
0.330
0.071
0.670
0.606
0.269
0.076
0.424
0.842
0.533
0.488
0.767
0.050
0.922
0.927
0.184
0.024
0.382
0.025
0.556
0.906
0.123
0.294
0.014
0.798
0.685
0.503
0.750
0.572
0.791
0.713
0.726
0.507
0.319
0.055
0.545
0.794
0.803
0.428
0.661
0.927
0.998
0.094
0.563
0.082
0.412
0.249
0.749
0.632
0.164
0.570
0.034
0.032
0.927
0.638
0.107
0.779
0.896
0.127
0.838
0.552
0.630
0.110
0.397
0.866
0.891
0.584
0.957
0.508
0.162
0.328
0.077
0.833
0.986
0.112
0.165
0.781
0.683
0.431
0.707
0.017
0.918
0.876
0.916
0.223
0.974
0.656
0.676
0.893
0.769
0.638
0.600
0.611
0.610
0.084
0.239
0.336
0.628
0.759
0.453
0.530
0.558
0.441
0.991
0.355
0.612
0.552
0.325
0.001
0.772
0.023
0.741
0.114
0.270
0.107
0.118
0.149
0.867
0.221
0.798
0.594
0.043
0.060
0.725
0.415
0.755
0.852
0.154
0.824
0.466
0.457
0.058
0.280
0.974
0.885
0.864
0.362
0.807
0.297
0.445
0.989
0.262
0.666
0.744
0.418
0.944
0.188
0.186
0.263
0.147
0.498
0.194
0.216
0.312
0.258
0.339
0.407
0.409
0.565
0.774
0.845
0.626
0.604
0.080
0.440
0.296
0.103
0.187
0.553
0.856
0.012
0.371
0.865
0.594
0.209
0.604
0.149
0.116
0.110
0.618
0.758
0.850
0.421
0.810
0.562
0.108
0.828
0.245
0.548
0.375
0.272
0.247
0.094
0.809
0.668
0.983
0.842
0.858
0.605
0.167
0.754
0.108
0.429
0.842
0.150
0.539
0.547
0.103
0.695
0.112
0.073
0.101
0.315
0.919
0.863
0.943
0.657
0.356
0.335
0.748
0.776
0.119
0.090
0.925
0.934
0.691
0.930
0.903
0.534
0.311
0.484
0.732
0.086
0.988
0.128
0.032
0.912
0.498
0.559
0.921
0.456
0.789
0.265
0.041
0.378
0.138
0.115
0.300
0.567
0.684
0.607
0.574
0.581
0.901
0.435
0.894
0.385
0.312
0.802
0.840
0.647
0.178
0.480
0.409
0.244
0.484
0.032
0.080
0.626
0.797
0.646
0.662
0.168
0.620
0.879
0.357
0.988
0.534
0.769
0.795
0.214
0.890
0.492
0.729
0.772
0.833
0.195
0.987
0.516
0.675
0.927
0.184
0.108
0.442
0.851
0.507
0.739
0.850
0.099
0.800
0.621
0.210
0.569
0.558
0.494
0.200
0.989
0.279
0.162
0.974
0.856
0.318
0.264
0.150
0.138
0.096
0.322
0.753
0.625
0.194
0.955
0.094
0.017
0.648
0.696
0.254
0.180
0.699
0.973
0.968
0.253
0.197
0.574
0.745
0.124
0.331
0.356
0.802
0.713
0.860
0.623
0.462
0.671
0.875
0.563
0.284
0.713
0.962
0.901
0.913
0.196
0.055
0.481
0.246
0.613
0.672
0.013
0.397
0.107
0.622
0.950
0.211
0.539
0.492
0.748
0.862
0.108
0.722
0.705
0.580
0.377
0.889
0.712
0.557
0.764
0.583
0.934
0.177
0.383
0.108
0.345
0.549
0.947
0.547
0.514
0.506
0.652
0.937
0.915
0.347
0.690
0.974
0.258
0.816
0.616
0.317
0.049
0.691
0.916
0.613
0.331
0.368
0.001
0.920
0.712
0.013
0.507
0.317
0.727
0.931
0.639
0.318
0.159
0.682
0.406
0.218
0.452
0.766
0.796
0.754
0.294
0.937
0.421
0.598
0.868
0.231
0.543
0.887
0.208
0.578
0.356
0.723
0.166
0.160
0.749
0.135
0.218
0.307
0.483
0.022
0.052
0.868
0.473
0.575
0.342
0.033
0.939
0.064
0.832
0.989
0.438
0.222
0.062
0.620
0.822
0.532
0.117
0.618
0.512
0.885
0.095
0.317
0.427
0.511
0.289
0.123
0.743
0.457
0.936
0.233
0.955
0.058
0.547
0.550
0.941
0.842
0.609
0.594
0.078
0.056
0.258
0.093
0.080
0.679
0.684
0.880
0.042
0.431
0.700
0.091
0.629
0.218
0.998
0.240
0.266
0.563
0.329
0.533
0.209
0.941
0.496
0.300
0.857
0.155
0.058
0.072
0.455
0.983
0.657
0.330
0.612
0.847
0.971
0.382
0.364
0.570
0.399
0.426
0.884
0.453
0.585
0.766
0.820
0.020
0.390
0.086
0.247
0.102
0.983
0.905
0.531
0.654
0.558
0.447
0.571
0.021
0.254
0.356
0.502
0.274
0.739
0.294
0.431
0.386
0.504
0.858
0.119
0.710
0.311
0.063
0.359
0.539
0.427
0.747
0.220
0.552
0.540
0.246
0.768
0.173
0.530
0.944
0.242
0.693
0.958
0.411
0.328
0.896
0.949
0.049
0.748
0.697
0.076
0.914
0.498
0.354
0.842
0.436
0.308
0.352
0.136
0.153
0.358
0.003
0.203
0.276
0.353
0.642
0.975
0.915
0.248
0.462
0.973
0.187
0.760
0.697
0.735
0.658
0.913
0.688
0.016
0.334
0.271
0.931
0.730
0.959
0.709
0.303
0.816
0.013
0.331
0.856
0.077
0.992
0.041
0.631
0.256
0.890
0.180
0.859
0.747
0.837
0.074
0.041
0.971
0.136
0.165
0.929
0.067
0.515
0.483
0.122
0.635
0.128
0.320
0.685
0.739
0.361
0.361
0.964
0.509
0.195
0.923
0.084
0.469
0.485
0.582
0.084
0.169
0.141
0.354
0.325
0.100
0.044
0.628
0.349
0.610
0.338
0.358
0.466
0.306
0.821
0.423
0.878
0.837
0.984
0.399
0.499
0.477
0.723
0.215
0.421
0.175
0.922
0.409
0.087
0.811
0.464
0.500
0.665
0.137
0.794
0.103
0.440
0.496
0.417
0.786
0.308
0.265
0.253
0.719
0.525
0.903
0.570
0.230
0.617
0.871
0.492
0.222
0.084
0.257
0.489
0.890
0.929
0.046
0.609
0.686
0.676
0.649
0.343
0.746
0.265
0.781
0.414
0.717
0.014
0.869
0.304
0.990
0.949
0.877
0.652
0.437
0.491
0.276
0.584
0.696
0.286
0.984
0.736
0.277
0.352
0.853
0.117
0.679
0.924
0.296
0.601
0.300
0.982
0.916
0.239
0.096
0.398
0.467
0.505
0.325
0.350
0.482
0.661
0.175
0.496
0.164
0.877
0.910
0.838
0.790
0.353
0.611
0.361
0.464
0.820
0.977
0.531
0.034
0.565
0.236
0.847
0.935
0.652
0.498
0.986
0.274
0.745
0.373
0.740
0.896
0.703
0.127
0.804
0.637
0.412
0.063
0.108
0.762
0.140
0.785
0.232
0.879
0.739
0.067
0.694
0.358
0.633
0.058
0.483
0.418
0.562
0.975
0.561
0.975
0.108
0.373
0.459
0.073
0.044
0.184
0.758
0.386
0.891
0.685
0.712
0.429
0.539
0.873
0.555
0.867
0.251
0.170
0.945
0.218
0.247
0.072
0.253
0.935
0.060
0.073
0.249
0.021
0.875
0.931
0.811
0.180
0.741
0.459
0.930
0.715
0.125
0.325
0.765
0.116
0.289
0.672
0.121
0.336
0.173
0.627
0.090
0.610
0.477
0.429
0.831
0.556
0.010
0.655
0.566
0.585
0.470
0.803
0.747
0.608
0.016
0.032
0.809
0.048
0.700
0.620
0.652
0.380
0.017
0.179
0.482
0.601
0.350
0.278
0.144
0.369
0.463
0.990
0.794
0.146
0.638
0.657
0.019
0.435
0.158
0.982
0.691
0.907
0.779
0.439
0.010
0.174
0.082
0.409
0.867
0.948
0.363
0.549
0.637
0.993
0.951
0.725
0.626
0.051
0.128
0.379
0.758
0.809
0.441
0.386
0.019
0.195
0.276
0.235
0.539
0.939
0.493
0.730
0.820
0.668
0.425
0.417
0.836
0.910
0.039
0.814
0.769
0.686
0.137
0.649
0.222
0.058
0.916
0.844
0.981
0.847
0.443
0.040
0.791
0.718
0.538
0.885
0.200
0.131
0.163
0.785
0.139
0.292
0.781
0.408
0.321
0.574
0.303
0.762
0.798
0.333
0.183
0.302
0.414
0.997
0.609
0.886
0.351
0.139
0.522
0.255
0.844
0.008
0.594
0.564
0.407
0.001
0.528
0.415
0.053
0.547
0.222
0.979
0.564
0.171
0.527
0.919
0.255
0.925
0.793
0.229
0.948
0.078
0.639
0.446
0.749
0.183
0.258
0.845
0.505
0.722
0.505
0.985
0.796
0.156
0.738
0.834
0.945
0.927
0.162
0.795
0.088
0.959
0.822
0.734
0.078
0.791
0.117
0.640
0.781
0.852
0.056
0.272
0.431
0.737
0.486
0.209
0.643
0.817
0.254
0.479
0.899
0.323
0.447
0.122
0.631
0.140
0.723
0.351
0.471
0.851
0.869
0.924
0.437
0.401
0.187
0.008
0.799
0.629
0.814
0.310
0.706
0.688
0.548
0.559
0.704
0.990
0.180
0.905
0.924
0.511
0.980
0.701
0.656
0.364
0.633
0.691
0.073
0.168
0.141
0.528
0.122
0.242
0.593
0.463
0.641
0.458
0.532
0.858
0.062
0.077
0.380
0.537
0.837
0.604
0.190
0.254
0.472
0.087
0.055
0.820
0.769
0.782
0.065
0.520
0.606
0.775
0.228
0.770
0.914
0.738
0.297
0.474
0.764
0.478
0.897
0.666
0.291
0.591
0.040
0.529
0.980
0.926
0.019
0.177
0.704
0.570
0.638
0.636
0.647
0.719
0.736
0.825
0.130
0.049
0.051
0.184
0.922
0.259
0.106
0.083
0.268
0.214
0.783
0.280
0.654
0.655
0.144
0.344
0.168
0.535
0.017
0.094
0.049
0.096
0.917
0.635
0.826
0.902
0.164
0.013
0.641
0.802
0.512
0.914
0.944
0.457
0.383
0.202
0.847
0.050
0.732
0.862
0.990
0.176
0.167
0.126
0.320
0.717
0.683
0.629
0.990
0.192
0.379
0.730
0.945
0.755
0.750
0.241
0.686
0.997
0.732
0.890
0.999
0.488
0.472
0.051
0.351
0.692
0.060
0.317
0.587
0.983
0.851
0.698
0.851
0.267
0.941
0.756
0.265
0.023
0.108
0.508
0.415
0.266
0.897
0.794
0.265
0.559
0.803
0.709
0.435
0.511
0.545
0.547
0.375
0.290
0.587
0.118
0.333
0.673
0.703
0.771
0.374
0.369
0.501
0.535
0.225
0.247
0.688
0.201
0.227
0.438
0.037
0.721
0.405
0.824
0.638
0.963
0.750
0.473
0.750
0.301
0.546
0.275
0.990
0.063
0.366
0.105
0.283
0.182
0.225
0.113
0.748
0.980
0.436
0.401
0.927
0.940
0.590
0.160
0.879
0.102
0.813
0.219
0.544
0.944
0.580
0.407
0.007
0.533
0.598
0.931
0.935
0.896
0.917
0.139
0.588
0.775
0.443
0.466
0.350
0.630
0.539
0.143
0.713
0.867
0.361
0.586
0.518
0.708
0.239
0.924
0.521
0.701
0.405
0.229
0.103
0.650
0.180
0.891
0.256
0.615
0.002
0.562
0.980
0.959
0.427
0.482
0.511
0.290
0.665
0.715
0.367
0.136
0.775
0.542
0.844
0.304
0.660
0.323
0.337
0.606
0.783
0.757
0.430
0.382
0.078
0.601
0.228
0.709
0.578
0.240
0.238
0.748
0.019
0.175
0.188
0.232
0.398
0.770
0.203
0.365
0.529
0.810
0.376
0.995
0.352
0.370
0.909
0.999
0.884
0.380
0.429
0.113
0.753
0.975
0.524
0.703
0.284
0.164
0.869
0.221
0.501
0.357
0.939
0.799
0.620
0.607
0.409
0.046
0.139
0.696
0.739
0.446
0.997
0.354
0.974
0.574
0.006
0.346
0.900
0.238
0.576
0.274
0.270
0.777
0.954
0.235
0.702
0.025
0.987
0.041
0.493
0.854
0.579
0.394
0.857
0.017
0.148
0.682
0.812
0.758
0.153
0.408
0.378
0.452
0.128
0.390
0.658
0.373
0.092
0.988
0.726
0.197
0.114
0.641
0.140
0.232
0.527
0.924
0.780
0.366
0.862
0.658
0.639
0.292
0.499
0.507
0.924
0.265
0.643
0.350
0.492
0.041
0.548
0.208
0.906
0.012
0.912
0.244
0.525
0.454
0.259
0.327
0.132
0.827
0.033
0.829
0.393
0.693
0.531
0.881
0.034
0.050
0.419
0.876
0.580
0.397
0.630
0.493
0.122
0.954
0.221
0.803
0.500
0.341
0.443
0.147
0.767
0.855
0.351
0.413
0.914
0.985
0.354
0.910
0.139
0.918
0.957
0.052
0.019
0.058
0.762
0.754
0.811
0.436
0.704
0.092
0.580
0.793
0.734
0.114
0.002
0.089
0.885
0.814
0.437
0.896
0.541
0.255
0.754
0.299
0.910
0.296
0.602
0.942
0.276
0.908
0.675
0.714
0.074
0.088
0.787
0.768
0.649
0.136
0.402
0.842
0.311
0.672
0.250
0.484
0.188
0.039
0.830
0.665
0.862
0.667
0.063
0.876
0.871
0.443
0.367
0.981
0.853
0.172
0.676
0.230
0.862
0.044
0.746
0.229
0.353
0.919
0.227
0.302
0.494
0.160
0.323
0.435
0.561
0.985
0.626
0.253
0.129
0.852
0.591
0.362
0.128
0.296
0.491
0.440
0.314
0.911
0.265
0.821
0.925
0.535
0.286
0.601
0.575
0.809
0.495
0.434
0.754
0.228
0.957
0.602
0.467
0.047
0.674
0.985
0.977
0.493
0.084
0.772
0.247
0.900
0.589
0.797
0.722
0.785
0.471
0.488
0.414
0.639
0.939
1.000
0.825
0.954
0.345
0.472
0.738
0.417
0.670
0.916
0.173
0.323
0.494
0.239
0.360
0.558
0.221
0.504
0.356
0.025
0.681
0.846
0.735
0.676
0.073
0.090
0.762
0.966
0.418
0.085
0.449
0.149
0.452
0.128
0.029
0.212
0.748
0.256
0.654
0.554
0.434
0.478
0.444
0.954
0.586
0.642
0.204
0.316
0.919
0.567
0.193
0.303
0.388
0.260
0.892
0.707
0.619
0.928
0.979
0.315
0.065
0.189
0.695
0.845
0.563
0.484
0.817
0.917
0.474
0.250
0.253
0.823
0.221
0.456
0.239
0.908
0.860
0.570
0.728
0.775
0.227
0.616
0.562
0.565
0.318
0.678
0.044
0.873
0.948
0.962
0.288
0.769
0.082
0.215
0.298
0.052
0.465
0.233
0.763
0.361
0.324
0.152
0.507
0.318
0.742
0.553
0.018
0.321
0.511
0.238
0.343
0.023
0.732
0.798
0.407
0.333
0.401
0.861
0.179
0.657
0.009
0.377
0.973
0.853
0.790
0.002
0.488
0.501
0.784
0.422
0.915
0.201
0.354
0.689
0.467
0.506
0.291
0.483
0.901
0.638
0.233
0.967
0.677
0.030
0.537
0.402
0.399
0.919
0.009
0.411
0.370
0.708
0.758
0.932
0.098
0.408
0.418
0.893
0.001
0.634
0.244
0.874
0.967
0.184
0.747
0.565
0.386
0.524
0.130
0.477
0.526
0.415
0.140
0.667
0.703
0.486
0.700
0.572
0.603
0.713
0.361
0.861
0.667
0.843
0.631
0.607
0.837
0.996
0.283
0.115
0.397
0.369
0.186
0.635
0.733
0.471
0.167
0.479
0.985
0.624
0.207
0.806
0.014
0.375
0.639
0.955
0.091
0.209
0.232
0.211
0.278
0.145
0.073
0.053
0.546
0.309
0.383
0.532
0.828
0.826
0.233
0.707
0.104
0.408
0.344
0.322
0.311
0.352
0.779
0.973
0.684
0.684
0.947
0.931
0.560
0.102
0.911
0.151
0.336
0.810
0.901
0.249
0.801
0.324
0.739
0.004
0.284
0.555
0.850
0.286
0.028
0.293
0.218
0.803
0.410
0.277
0.608
0.890
0.135
0.752
0.161
0.753
0.175
0.452
0.779
0.175
0.180
0.811
0.466
0.043
0.679
0.001
0.835
0.290
0.473
0.520
0.920
0.423
0.386
0.280
0.214
0.236
0.160
0.892
0.379
0.314
0.635
0.920
0.205
0.372
0.459
0.346
0.919
0.833
0.553
0.362
0.560
0.323
0.343
0.431
0.155
0.775
0.985
0.857
0.125
0.356
0.551
0.975
0.967
0.441
0.271
0.912
0.410
0.051
0.696
0.602
0.265
0.882
0.744
0.245
0.090
0.804
0.561
0.395
0.385
0.774
0.323
0.653
0.078
0.714
0.383
0.703
0.228
0.229
0.418
0.796
0.637
0.616
0.414
0.069
0.206
0.657
0.611
0.474
0.799
0.663
0.477
0.662
0.096
0.712
0.112
0.671
0.476
0.657
0.502
0.507
0.291
0.698
0.430
0.136
0.500
0.995
0.965
0.992
0.108
0.525
0.626
0.291
0.259
0.125
0.653
0.609
0.340
0.272
0.256
0.937
0.664
0.058
0.716
0.342
0.669
0.511
0.764
0.383
0.740
0.182
0.414
0.779
0.885
0.328
0.063
0.749
0.111
0.642
0.764
0.768
0.405
0.027
0.128
0.908
0.296
0.569
0.039
0.597
0.449
0.835
0.750
0.368
0.868
0.316
0.963
0.694
0.621
0.153
0.509
0.824
0.535
0.642
0.441
0.533
0.260
0.272
0.949
0.120
0.889
0.607
0.289
0.758
0.560
0.748
0.695
0.509
0.631
0.366
0.494
0.121
0.068
0.997
0.513
0.084
0.214
0.337
0.726
0.298
0.199
0.646
0.733
0.758
0.446
0.986
0.653
0.375
0.975
0.012
0.817
0.727
0.570
0.065
0.253
0.792
0.427
0.627
0.903
0.535
0.115
0.344
0.922
0.712
0.329
0.831
0.431
0.913
0.719
0.785
0.377
0.606
0.468
0.862
0.927
0.016
0.787
0.238
0.219
0.468
0.568
0.161
0.135
0.074
0.748
0.953
0.293
0.001
0.781
0.459
0.317
0.112
0.829
0.389
0.559
0.222
0.784
0.390
0.558
0.733
0.583
0.067
0.818
0.901
0.500
0.504
0.816
0.714
0.264
0.206
0.081
0.772
0.790
0.250
0.669
0.401
0.105
0.838
0.774
0.697
0.838
0.161
0.605
0.677
0.793
0.332
0.668
0.759
0.521
0.339
0.665
0.398
0.236
0.713
0.477
0.129
0.073
0.620
0.239
0.454
0.909
0.269
0.055
0.253
0.649
0.300
0.424
0.508
0.201
0.852
0.021
0.473
0.552
0.945
0.901
0.522
0.201
0.223
0.578
0.055
0.077
0.521
0.642
0.633
0.646
0.588
0.161
0.210
0.232
0.642
0.198
0.358
0.471
0.569
0.426
0.896
0.853
0.092
0.707
0.781
0.278
0.548
0.099
0.687
0.065
0.986
0.130
0.319
0.354
0.495
0.484
0.763
0.771
0.734
0.096
0.367
0.286
0.335
0.051
0.914
0.975
0.481
0.855
0.013
0.459
0.352
0.440
0.886
0.468
0.788
0.882
0.587
0.432
0.548
0.424
0.690
0.720
0.173
0.199
0.972
0.326
0.878
0.355
0.570
0.798
0.200
0.013
0.647
0.247
0.891
0.747
0.249
0.563
0.748
0.957
0.396
0.834
0.986
0.774
0.891
0.513
0.058
0.498
0.304
0.696
0.769
0.672
0.039
0.337
0.105
0.875
0.348
0.954
0.661
0.837
0.465
0.499
0.186
0.039
0.321
0.444
0.572
0.230
0.367
0.188
0.306
0.255
0.803
0.313
0.287
0.924
0.359
0.507
0.948
0.096
0.249
0.199
0.968
0.981
0.347
0.481
0.514
0.652
0.072
0.882
0.018
0.522
0.295
0.607
0.025
0.032
0.445
0.202
0.636
0.091
0.403
0.096
0.970
0.196
0.889
0.930
0.700
0.381
0.991
0.071
0.415
0.954
0.830
0.380
0.397
0.985
0.201
0.713
0.333
0.694
0.137
0.088
0.239
0.961
0.426
0.485
0.263
0.686
0.772
0.985
0.631
0.063
0.992
0.503
0.993
0.740
0.064
0.814
0.135
0.768
0.254
0.037
0.354
0.316
0.139
0.129
0.660
0.246
0.594
0.522
0.866
0.405
0.775
0.020
0.087
0.769
0.044
0.403
0.758
0.560
0.880
0.022
0.076
0.247
0.755
0.144
0.163
0.328
0.687
0.184
0.578
0.652
0.164
0.678
0.023
0.777
0.260
0.749
0.849
0.809
0.179
0.166
0.152
0.940
0.247
0.898
0.222
0.115
0.816
0.089
0.673
0.427
0.857
0.714
0.181
0.238
0.976
0.291
0.045
0.037
0.440
0.679
0.074
0.539
0.935
0.942
0.756
0.465
0.816
0.531
0.807
0.285
0.015
0.679
0.551
0.444
0.908
0.567
0.625
0.201
0.883
0.361
0.544
0.254
0.945
0.452
0.875
0.654
0.926
0.531
0.879
0.004
0.746
0.561
0.920
0.460
0.550
0.785
0.121
0.103
0.624
0.558
0.569
0.008
0.895
0.131
0.957
0.981
0.928
0.489
0.501
0.446
0.835
0.996
0.889
0.899
0.251
0.552
0.070
0.761
0.250
0.632
0.829
0.898
0.125
0.176
0.207
0.515
0.902
0.793
0.072
0.483
0.958
0.708
0.134
0.583
0.302
0.968
0.853
0.243
0.040
0.370
0.190
0.861
0.865
0.921
0.037
0.668
0.470
0.640
0.882
0.563
0.056
0.587
0.389
0.724
0.761
0.920
0.060
0.023
0.547
0.434
0.314
0.055
0.847
0.689
0.190
0.798
0.992
0.293
0.448
0.918
0.747
0.226
0.216
0.798
0.498
0.781
0.811
0.477
0.998
0.774
0.678
0.983
0.036
0.295
0.965
0.790
0.185
0.606
0.348
0.416
0.290
0.945
0.898
0.566
0.935
0.779
0.290
0.750
0.615
0.330
0.139
0.377
0.040
0.876
0.521
0.903
0.687
0.033
0.877
0.494
0.864
0.000
0.461
0.379
0.674
0.638
0.473
0.420
0.191
0.555
0.134
0.010
0.303
0.408
0.502
0.204
0.133
0.512
0.156
0.874
0.076
0.989
0.995
0.858
0.409
0.320
0.844
0.928
0.032
0.549
0.272
0.111
0.181
0.810
0.907
0.460
0.298
0.695
0.462
0.519
0.585
0.002
0.082
0.951
0.476
0.841
0.145
0.821
0.868
0.946
0.536
0.438
0.793
0.004
0.726
0.870
0.628
0.028
0.041
0.339
0.610
0.093
0.532
0.623
0.946
0.022
0.793
0.584
0.452
0.991
0.528
0.282
0.210
0.110
0.430
0.736
0.962
0.941
0.717
0.712
0.555
0.539
0.978
0.917
0.091
0.147
0.306
0.757
0.724
0.557
0.434
0.330
0.714
0.711
0.836
0.143
0.656
0.150
0.127
0.179
0.630
0.646
0.306
0.556
0.018
0.377
0.589
0.664
0.958
0.374
0.537
0.180
0.068
0.427
0.240
0.267
0.710
0.529
0.724
0.553
0.387
0.408
0.168
0.833
0.084
0.840
0.632
0.017
0.039
0.071
0.166
0.251
0.318
0.486
0.817
0.228
0.435
0.983
0.882
0.407
0.042
0.663
0.524
0.807
0.809
0.311
0.019
0.766
0.774
0.442
0.684
0.366
0.860
0.851
0.975
0.832
0.944
0.367
0.001
0.041
0.309
0.946
0.000
0.364
0.750
0.714
0.197
0.152
0.390
0.531
0.529
0.581
0.756
0.486
0.136
0.097
0.548
0.666
0.390
0.498
0.975
0.895
0.672
0.572
0.063
0.632
0.906
0.439
0.624
0.672
0.880
0.171
0.828
0.877
0.646
0.374
0.566
0.378
0.013
0.699
0.250
0.866
0.415
0.728
0.989
0.567
0.456
0.808
0.065
0.506
0.138
0.521
0.118
0.374
0.368
0.375
0.498
0.916
0.217
0.229
0.134
0.137
0.802
0.628
0.829
0.152
0.555
0.464
0.754
0.142
0.887
0.207
0.165
0.058
0.800
0.666
0.480
0.721
0.319
0.303
0.252
0.332
0.890
0.750
0.610
0.274
0.909
0.217
0.608
0.377
0.912
0.495
0.122
0.616
0.444
0.739
0.857
0.350
0.521
0.843
0.459
0.779
0.120
0.167
0.437
0.845
0.556
0.670
0.242
0.487
0.587
0.717
0.423
0.706
0.660
0.941
0.284
0.594
0.012
0.133
0.377
0.285
0.265
0.561
0.419
0.294
0.493
0.372
0.703
0.862
0.357
0.941
0.406
0.698
0.534
0.378
0.321
0.334
0.976
0.855
0.509
0.857
0.589
0.289
0.586
0.015
0.648
0.582
0.030
0.960
0.349
0.314
0.971
0.350
0.415
0.632
0.044
0.479
0.818
0.442
0.488
0.328
0.076
0.266
0.751
0.720
0.201
0.048
0.311
0.307
0.916
0.399
0.567
0.356
0.757
0.805
0.641
0.558
0.565
0.656
0.278
0.839
0.208
0.637
0.215
0.918
0.413
0.709
0.741
0.522
0.103
0.495
0.717
0.459
0.830
0.474
0.912
0.955
0.542
0.304
0.752
0.987
0.322
0.048
0.674
0.068
0.159
0.426
0.771
0.041
0.160
0.263
0.076
0.278
0.553
0.941
0.225
0.118
0.249
0.089
0.485
0.573
0.415
0.733
0.775
0.122
0.403
0.085
0.110
0.750
0.781
0.579
0.647
0.433
0.623
0.953
0.638
0.324
0.179
0.306
0.418
0.576
0.520
0.054
0.797
0.124
0.297
0.441
0.538
0.608
0.053
0.380
0.753
0.346
0.405
0.065
0.475
0.010
0.843
0.339
0.182
0.165
0.161
0.069
0.648
0.015
0.164
0.347
0.271
0.981
0.657
0.886
0.448
0.943
0.366
0.691
0.285
0.950
0.226
0.889
0.828
0.869
0.812
0.298
0.268
0.521
0.077
0.511
0.935
0.738
0.351
0.654
0.902
0.815
0.336
0.662
0.417
0.876
0.585
0.696
0.414
0.418
0.455
0.588
0.875
0.417
0.154
0.877
0.611
0.785
0.564
0.667
0.496
0.295
0.445
0.085
0.228
0.931
0.981
0.446
0.468
0.026
0.131
0.858
0.360
0.024
0.631
0.256
0.345
0.969
0.379
0.467
0.036
0.608
0.770
0.201
0.752
0.301
0.310
0.181
0.099
0.421
0.161
0.859
0.901
0.171
0.465
0.214
0.754
0.719
0.628
0.023
0.521
0.831
0.456
0.671
0.990
0.774
0.691
0.659
0.216
0.020
0.345
0.756
0.186
0.629
0.199
0.997
0.874
0.999
0.098
0.519
0.000
0.600
0.438
0.983
0.838
0.182
0.645
0.207
0.871
0.822
0.694
0.481
0.316
0.122
0.891
0.082
0.841
0.660
0.223
0.424
0.705
0.112
0.759
0.046
0.133
0.923
0.146
0.567
0.855
0.622
0.681
0.682
0.959
0.197
0.317
0.559
0.019
0.847
0.084
0.799
0.259
0.369
0.207
0.352
0.046
0.149
0.341
0.280
0.248
0.543
0.845
0.466
0.062
0.433
0.814
0.495
0.176
0.122
0.629
0.354
0.441
0.541
0.372
0.363
0.581
0.302
0.375
0.007
0.090
0.441
0.110
0.480
0.570
0.906
0.821
0.949
0.591
0.444
0.673
0.462
0.509
0.547
0.367
0.833
0.062
0.123
0.157
0.689
0.394
0.509
0.451
0.725
0.357
0.849
0.622
0.270
0.352
0.723
0.304
0.366
0.621
0.457
0.552
0.898
0.594
0.049
0.556
0.183
0.231
0.629
0.660
0.610
0.325
0.329
0.884
0.257
0.304
0.927
0.189
0.810
0.060
0.863
0.153
0.481
0.784
0.814
0.953
0.762
0.898
0.244
0.114
0.253
0.279
0.840
0.604
0.468
0.263
0.006
0.575
0.580
0.690
0.279
0.196
0.527
0.653
0.299
0.471
0.860
0.459
0.378
0.355
0.969
0.830
0.476
0.809
0.422
0.457
0.762
0.604
0.409
0.766
0.849
0.729
0.217
0.105
0.579
0.445
0.139
0.890
0.377
0.868
0.131
0.455
0.920
0.579
0.346
0.590
0.836
0.073
0.832
0.254
0.222
0.248
0.422
0.452
0.362
0.930
0.154
0.754
0.289
0.109
0.227
0.345
0.559
0.979
0.239
0.114
0.243
0.096
0.837
0.015
0.045
0.234
0.968
0.929
0.584
0.956
0.976
0.888
0.335
0.098
0.930
0.635
0.187
0.508
0.937
0.008
0.577
0.036
0.564
0.286
0.605
0.130
0.068
0.592
0.256
0.695
0.395
0.779
0.726
0.861
0.196
0.348
0.384
0.245
0.937
0.760
0.438
0.167
0.271
0.521
0.627
0.408
0.456
0.900
0.835
0.660
0.780
0.750
0.710
0.448
0.885
0.818
0.908
0.741
0.484
0.693
0.354
0.454
0.119
0.668
0.825
0.019
0.159
0.920
0.731
0.478
0.033
0.957
0.336
0.012
0.785
0.041
0.155
0.769
0.921
0.219
0.691
0.470
0.569
0.336
0.140
0.952
0.070
0.612
0.499
0.244
0.220
0.655
0.222
0.868
0.800
0.979
0.350
0.921
0.620
0.379
0.608
0.624
0.269
0.172
0.362
0.312
0.241
0.183
0.640
0.201
0.079
0.280
0.326
0.339
0.516
0.103
0.388
0.005
0.560
0.182
0.508
0.254
0.286
0.133
0.050
0.956
0.901
0.864
0.376
0.401
0.104
0.739
0.934
0.582
0.100
0.798
0.446
0.338
0.422
0.193
0.136
0.277
0.565
0.938
0.473
0.848
0.665
0.245
0.334
0.704
0.353
0.125
0.168
0.594
0.893
0.572
0.327
0.115
0.566
0.240
0.584
0.205
0.496
0.720
0.665
0.679
0.190
0.564
0.340
0.045
0.223
0.024
0.252
0.018
0.123
0.705
0.012
0.070
0.051
0.107
0.213
0.885
0.869
0.574
0.047
0.600
0.528
0.962
0.640
0.152
0.436
0.430
0.549
0.694
0.693
0.456
0.784
0.009
0.629
0.600
0.269
0.160
0.761
0.315
0.342
0.836
0.373
0.139
0.298
0.768
0.726
0.613
0.379
0.501
0.159
0.066
0.686
0.953
0.338
0.682
0.181
0.443
0.959
0.017
0.432
0.387
0.917
0.291
0.395
0.194
0.624
0.079
0.479
0.172
0.846
0.784
0.598
0.815
0.645
0.322
0.580
0.831
0.108
0.058
0.836
0.049
0.015
0.484
0.663
0.019
0.052
0.566
0.364
0.738
0.098
0.505
0.214
0.424
0.735
0.075
0.410
0.740
0.234
0.327
0.521
0.438
0.064
0.940
0.401
0.129
0.282
0.495
0.309
0.768
0.648
0.645
0.865
0.631
0.972
0.619
0.239
0.992
0.824
0.017
0.384
0.849
0.594
0.908
0.031
0.158
0.418
0.774
0.068
0.192
0.236
0.768
0.409
0.017
0.693
0.194
0.040
0.474
0.643
0.053
0.820
0.655
0.127
0.845
0.202
0.785
0.912
0.590
0.768
0.950
0.387
0.787
0.533
0.736
0.714
0.816
0.729
0.727
0.186
0.359
0.382
0.823
0.166
0.781
0.846
0.725
0.411
0.554
0.492
0.566
0.668
0.851
0.496
0.927
0.179
0.706
0.717
0.632
0.456
0.521
0.710
0.241
0.803
0.835
0.114
0.478
0.680
0.596
0.991
0.773
0.442
0.935
0.429
0.257
0.789
0.595
0.204
0.131
0.465
0.278
0.712
0.722
0.158
0.073
0.139
0.456
0.889
0.466
0.603
0.094
0.486
0.795
0.915
0.652
0.446
0.239
0.654
0.475
0.062
0.168
0.704
0.756
0.244
0.021
0.634
0.188
0.883
0.032
0.491
0.772
0.954
0.608
0.356
0.566
0.808
0.239
0.585
0.816
0.760
0.104
0.126
0.189
0.018
0.392
0.100
0.190
0.221
0.728
0.354
0.308
0.499
0.495
0.961
0.620
0.105
0.406
0.401
0.368
0.427
0.755
0.954
0.942
0.695
0.928
0.584
0.739
0.925
0.236
0.866
0.615
0.681
0.719
0.012
0.170
0.651
0.628
0.973
0.271
0.084
0.957
0.615
0.744
0.982
0.019
0.315
0.319
0.949
0.889
0.640
0.792
0.430
0.539
0.125
0.476
0.712
0.009
0.828
0.843
0.587
0.822
0.102
0.270
0.363
0.014
0.480
0.893
0.886
0.616
0.954
0.544
0.047
0.166
0.366
0.124
0.063
0.407
0.129
0.679
0.910
0.272
0.933
0.878
0.628
0.009
0.352
0.531
0.003
0.352
0.130
0.294
0.603
0.918
0.246
0.980
0.304
0.209
0.691
0.333
0.277
0.322
0.816
0.749
0.493
0.013
0.684
0.375
0.902
0.687
0.495
0.854
0.047
0.043
0.973
0.018
0.427
0.647
0.502
0.170
0.933
0.869
0.055
0.589
0.486
0.113
0.852
0.457
0.519
0.752
0.492
0.432
0.926
0.246
0.570
0.035
0.320
0.308
0.755
0.488
0.371
0.356
0.089
0.888
0.430
0.702
0.632
0.927
0.280
0.915
0.156
0.096
0.285
0.081
0.346
0.413
0.369
0.355
0.266
0.982
0.039
0.844
0.478
0.527
0.515
0.456
0.772
0.912
0.168
0.224
0.024
0.299
0.822
0.155
0.932
0.447
0.038
0.714
0.415
0.344
0.850
0.539
0.209
0.885
0.861
0.466
0.480
0.422
0.711
0.939
0.862
0.622
0.179
0.384
0.880
0.168
0.488
0.025
0.304
0.517
0.490
0.975
0.135
0.713
0.236
0.627
0.005
0.854
0.462
0.485
0.308
0.577
0.455
0.985
0.229
0.294
0.682
0.861
0.214
0.160
0.259
0.110
0.244
0.063
0.746
0.805
0.618
0.444
0.178
0.057
0.082
0.476
0.789
0.180
0.244
0.204
0.864
0.778
0.081
0.495
0.051
0.834
0.082
0.690
0.665
0.728
0.253
0.809
0.228
0.253
0.518
0.764
0.272
0.281
0.609
0.205
0.280
0.862
0.589
0.855
0.949
0.427
0.809
0.586
0.931
0.880
0.259
0.761
0.772
0.955
0.762
0.121
0.326
0.554
0.815
0.464
0.396
0.551
0.776
0.049
0.476
0.955
0.612
0.220
0.954
0.933
0.816
0.086
0.244
0.440
0.855
0.016
0.438
0.240
0.258
0.063
0.517
0.864
0.541
0.647
0.466
0.705
0.550
0.359
0.958
0.911
0.610
0.029
0.066
0.959
0.023
0.939
0.223
0.913
0.916
0.208
0.361
0.225
0.869
0.069
0.537
0.434
0.226
0.444
0.695
0.082
0.467
0.975
0.012
0.202
0.356
0.972
0.544
0.456
0.079
0.524
0.254
0.135
0.187
0.563
0.643
0.835
0.157
0.192
0.272
0.531
0.258
0.323
0.808
0.459
0.556
0.899
0.567
0.112
0.781
0.986
0.756
0.028
0.630
0.006
0.681
0.259
0.368
0.473
0.039
0.859
0.931
0.683
0.181
0.134
0.170
0.093
0.323
0.172
0.752
0.788
0.021
0.773
0.204
0.707
0.954
0.174
0.152
0.413
0.177
0.705
0.647
0.148
0.085
0.475
0.938
0.345
0.466
0.821
0.273
0.003
0.480
0.219
0.733
0.946
0.694
0.803
0.935
0.874
0.527
0.817
0.262
0.355
0.081
0.190
0.492
0.228
0.374
0.892
0.601
0.580
0.029
0.140
0.280
0.468
0.941
0.065
0.585
0.622
0.407
0.694
0.659
0.669
0.131
0.472
0.028
0.330
0.370
0.043
0.390
0.031
0.751
0.366
0.074
0.067
0.136
0.510
0.650
0.399
0.939
0.076
0.491
0.128
0.672
0.286
0.674
0.756
0.428
0.061
0.668
0.006
0.014
0.584
0.899
0.666
0.186
0.589
0.786
0.344
0.493
0.959
0.575
0.975
0.555
0.073
0.115
0.194
0.827
0.048
0.718
0.291
0.046
0.317
0.698
0.897
0.488
0.831
0.864
0.530
0.284
0.968
0.772
0.766
0.763
0.390
0.373
0.805
0.480
0.763
0.657
0.160
0.747
0.398
0.841
0.857
0.765
0.441
0.457
0.625
0.591
0.398
0.061
0.288
0.056
0.941
0.446
0.509
0.392
0.311
0.100
0.629
0.444
0.404
0.696
0.170
0.286
0.534
0.208
0.365
0.043
0.784
0.122
0.980
0.615
0.954
0.968
0.421
0.949
0.272
0.198
0.334
0.840
0.217
0.466
0.514
0.138
0.364
0.040
0.293
0.022
0.539
0.198
0.046
0.241
0.725
0.635
0.890
0.721
0.539
0.074
0.108
0.792
0.422
0.973
0.211
0.539
0.666
0.994
0.785
0.967
0.609
0.168
0.364
0.059
0.358
0.689
0.888
0.070
0.020
0.140
0.690
0.396
0.675
0.925
0.670
0.471
0.084
0.272
0.823
0.834
0.686
0.377
0.046
0.338
0.821
0.929
0.490
0.345
0.919
0.171
0.151
0.750
0.496
0.927
0.938
0.817
0.325
0.516
0.283
0.621
0.399
0.519
0.249
0.031
0.949
0.633
0.679
0.096
0.448
0.635
0.241
0.155
0.340
0.047
0.523
0.968
0.854
0.639
0.198
0.294
0.376
0.528
0.933
0.506
0.537
0.420
0.626
0.062
0.612
0.974
0.092
0.005
0.271
0.222
0.413
0.080
0.980
0.417
0.261
0.985
0.887
0.288
0.954
0.033
0.548
0.070
0.205
0.893
0.014
0.621
0.659
0.628
0.309
0.684
0.887
0.158
0.554
0.276
0.772
0.836
0.487
0.144
0.183
0.451
0.485
0.011
0.831
0.035
0.414
0.625
0.822
0.909
0.566
0.391
0.735
0.941
0.886
0.063
0.232
0.278
0.757
0.437
0.666
0.693
0.010
0.684
0.081
0.743
0.778
0.081
0.997
0.941
0.127
0.124
0.046
0.127
0.913
0.755
0.192
0.437
0.755
0.938
0.139
0.699
0.394
0.455
0.639
0.500
0.601
0.679
0.320
0.300
0.814
0.027
0.894
0.820
0.154
0.718
0.356
0.694
0.835
0.649
0.269
0.361
0.263
0.478
0.194
0.272
0.178
0.364
0.701
0.738
0.574
0.029
0.755
0.479
0.762
0.443
0.118
0.182
0.742
0.877
0.639
0.799
0.074
0.501
0.388
0.154
0.344
0.400
0.812
0.992
0.297
0.038
0.165
0.812
0.825
0.050
0.937
0.470
0.706
0.902
0.542
0.981
0.252
0.745
0.795
0.481
0.624
0.259
0.227
0.736
0.684
0.499
0.265
0.211
0.626
0.198
0.792
0.539
0.035
0.754
0.806
0.227
0.762
0.666
0.959
0.368
0.374
0.676
0.366
0.813
0.088
0.987
0.246
0.424
0.375
0.725
0.319
0.309
0.482
0.920
0.274
0.270
0.494
0.670
0.721
0.598
0.020
0.146
0.643
0.795
0.835
0.934
0.565
0.792
0.803
0.021
0.488
0.742
0.269
0.975
0.714
0.380
0.598
1.000
0.719
0.577
0.887
0.549
0.576
0.757
0.841
0.167
0.611
0.355
0.229
0.481
0.785
0.922
0.114
0.632
0.804
0.168
0.453
0.804
0.234
0.933
0.538
0.172
0.238
0.722
0.121
0.110
0.458
0.617
0.592
0.115
0.724
0.953
0.366
0.889
0.956
0.516
0.321
0.662
0.056
0.420
0.633
0.194
0.631
0.021
0.231
0.933
0.612
0.270
0.282
0.769
0.003
0.572
0.075
0.529
0.101
0.917
0.733
0.106
0.074
0.527
0.831
0.293
0.731
0.965
0.208
0.710
0.766
0.709
0.385
0.313
0.673
0.491
0.380
0.594
0.523
0.923
0.686
0.956
0.481
0.644
0.847
0.495
0.657
0.567
0.541
0.292
0.034
0.941
0.112
0.030
0.318
0.365
0.266
0.068
0.203
0.186
0.311
0.372
0.533
0.327
0.709
0.944
0.418
0.724
0.185
0.348
0.250
0.985
0.529
0.020
0.098
0.084
0.227
0.677
0.700
0.172
0.792
0.229
0.089
0.303
0.294
0.766
0.891
0.097
0.010
0.635
0.751
0.153
0.753
0.440
0.698
0.551
0.208
0.760
0.412
0.924
0.545
0.554
0.757
0.736
0.047
0.539
0.089
0.469
0.414
0.047
0.004
0.779
0.556
0.587
0.321
0.957
0.121
0.061
0.424
0.140
0.064
0.836
0.482
0.886
0.436
0.704
0.700
0.957
0.204
0.125
0.312
0.401
0.681
0.573
0.928
0.222
0.826
0.274
0.725
0.376
0.998
0.854
0.710
0.796
0.759
0.954
0.900
0.123
0.571
0.093
0.412
0.385
0.328
0.168
0.303
0.989
0.061
0.404
0.232
0.338
0.275
0.788
0.002
0.426
0.341
0.945
0.126
0.451
0.773
0.546
0.068
0.865
0.163
0.328
0.956
0.135
0.347
0.564
0.968
0.947
0.540
0.984
0.749
0.716
0.579
0.403
0.126
0.732
0.666
0.905
0.766
0.954
0.959
0.746
0.409
0.127
0.021
0.107
0.656
0.155
0.394
0.682
0.108
0.857
0.055
0.738
0.568
0.468
0.866
0.513
0.830
0.087
0.509
0.271
0.027
0.096
0.740
0.410
0.031
0.794
0.109
0.252
0.205
0.150
0.720
0.786
0.326
0.346
0.553
0.030
0.616
0.750
0.782
0.498
0.050
0.171
0.205
0.701
0.434
0.851
0.727
0.034
0.813
0.128
0.302
0.446
0.169
0.722
0.849
0.218
0.026
0.124
0.497
0.068
0.719
0.358
0.426
0.191
0.668
0.261
0.639
0.102
0.936
0.105
0.601
0.441
0.489
0.294
0.164
0.793
0.024
0.374
0.679
0.016
0.572
0.961
0.305
0.585
0.275
0.851
0.614
0.022
0.095
0.952
0.857
0.567
0.101
0.263
0.431
0.450
0.008
0.287
0.595
0.966
0.713
0.465
0.930
0.603
0.585
0.110
0.109
0.543
0.533
0.959
0.578
0.958
0.542
0.893
0.809
0.155
0.900
0.706
0.751
0.619
0.473
0.140
0.839
0.678
0.240
0.720
0.075
0.461
0.439
0.918
0.674
0.304
0.008
0.247
0.251
0.695
0.943
0.880
0.414
0.557
0.686
0.953
0.378
0.392
0.359
0.835
0.962
0.215
0.103
0.498
0.665
0.703
0.813
0.996
0.119
0.800
0.770
0.724
0.030
0.632
0.226
0.837
0.141
0.992
0.133
0.256
0.258
0.212
0.940
0.216
0.443
0.707
0.646
0.764
0.731
0.507
0.432
0.981
0.072
0.015
0.835
0.338
0.566
0.023
0.132
0.021
0.180
0.471
0.680
0.143
0.340
0.102
0.235
0.919
0.094
0.138
0.327
0.362
0.715
0.647
0.583
0.160
0.263
0.044
0.492
0.904
0.163
0.141
0.101
0.457
0.910
0.127
0.068
0.586
0.017
0.294
0.557
0.026
0.695
0.142
0.579
0.713
0.419
0.118
0.664
0.370
0.290
0.759
0.691
0.202
0.770
0.983
0.340
0.096
0.854
0.174
0.865
0.028
0.138
0.000
0.806
0.416
0.530
0.914
0.668
0.101
0.680
0.677
0.877
0.937
0.249
0.032
0.311
0.646
0.524
0.035
0.461
0.634
0.227
0.610
0.934
0.837
0.726
0.304
0.703
0.396
0.458
0.930
0.339
0.746
0.160
0.167
0.421
0.443
0.803
0.248
0.170
0.438
0.595
0.318
0.064
0.368
0.715
0.147
0.411
0.698
0.989
0.769
0.366
0.938
0.377
0.135
0.879
0.996
0.312
0.352
0.234
0.044
0.805
0.759
0.406
0.331
0.775
0.040
0.778
0.333
0.179
0.643
0.700
0.502
0.549
0.468
0.361
0.377
0.842
0.437
0.741
0.285
0.797
0.725
0.536
0.350
0.175
0.405
0.944
0.941
0.796
0.544
0.179
0.451
0.113
0.759
0.591
0.227
0.164
0.960
0.906
0.709
0.702
0.266
0.849
0.114
0.675
0.193
0.321
0.246
0.709
0.703
0.982
0.797
0.826
0.054
0.869
0.362
0.344
0.337
1.000
0.478
0.313
0.251
0.058
0.699
0.130
0.880
0.293
0.574
0.297
0.606
0.767
0.169
0.613
0.645
0.532
0.935
0.479
0.620
0.480
0.205
0.673
0.648
0.196
0.220
0.185
0.437
0.732
0.093
0.527
0.879
0.029
0.925
0.256
0.930
0.349
0.555
0.676
0.551
0.899
0.125
0.124
0.681
0.887
0.483
0.047
0.831
0.157
0.501
0.128
0.832
0.209
0.774
0.913
0.776
0.594
0.036
0.488
0.577
0.512
0.944
0.445
0.769
0.635
0.112
0.975
0.359
0.759
0.534
0.999
0.562
0.910
0.547
0.418
0.272
0.529
0.174
0.384
0.104
0.236
0.950
0.456
0.718
0.662
0.149
0.084
0.186
0.155
0.132
0.888
0.440
0.949
0.252
0.311
0.064
0.397
0.383
0.249
0.416
0.622
0.076
0.109
0.607
0.448
0.680
0.439
0.392
0.718
0.849
0.859
0.197
0.259
0.133
0.298
1.000
0.946
0.735
0.387
0.373
0.902
0.601
0.712
0.813
0.832
0.155
0.994
0.275
0.701
0.919
0.461
0.736
0.485
0.410
0.505
0.777
0.274
0.468
0.549
0.046
0.232
0.660
0.975
0.265
0.669
0.090
0.741
0.296
0.557
0.502
0.398
0.295
0.704
0.267
0.329
0.233
0.943
0.102
0.115
0.072
0.709
0.815
0.259
0.489
0.888
0.997
0.571
0.150
0.433
0.407
0.110
0.377
0.132
0.898
0.028
0.641
0.990
0.439
0.791
0.422
0.426
0.685
0.076
0.322
0.778
0.053
0.948
0.822
0.990
0.226
0.142
0.656
0.689
0.982
0.519
0.754
0.917
0.474
0.815
0.953
0.123
0.820
0.119
0.922
0.022
0.802
0.455
0.899
0.809
0.557
0.334
0.275
0.740
0.691
0.072
0.207
0.968
0.943
0.375
0.593
0.148
0.768
0.072
0.355
0.192
0.150
0.485
0.250
0.798
0.292
0.553
0.451
0.750
0.396
0.454
0.644
0.603
0.136
0.124
0.040
0.084
0.976
0.243
0.629
0.006
0.469
0.155
0.678
0.133
0.824
0.284
0.565
0.769
0.068
0.197
0.841
0.991
0.100
0.927
0.342
0.360
0.008
0.742
0.019
0.304
0.278
0.739
0.232
0.325
0.993
0.324
0.626
0.083
0.503
0.098
0.517
0.088
0.634
0.930
0.539
0.068
0.209
0.171
0.839
0.677
0.574
0.066
0.661
0.164
0.041
0.860
0.022
0.898
0.046
0.308
0.725
0.293
0.444
0.598
0.876
0.579
0.920
0.062
0.009
0.280
0.858
0.956
0.441
0.522
0.840
0.236
0.741
0.029
0.023
0.190
0.562
0.193
0.745
0.524
0.758
0.331
0.769
0.052
0.869
0.671
0.827
0.007
0.130
0.649
0.671
0.427
0.965
0.077
0.994
0.502
0.295
0.134
0.764
0.359
0.922
0.717
0.371
0.418
0.560
0.300
0.030
0.105
0.369
0.610
0.323
0.604
0.814
0.618
0.969
0.793
0.430
0.233
0.471
0.163
0.542
0.496
0.584
0.299
0.969
0.201
0.493
0.212
0.169
0.885
0.051
0.642
0.020
0.200
0.911
0.018
0.991
0.481
0.226
0.524
0.542
0.425
0.253
0.484
0.785
0.511
0.411
0.887
0.734
0.950
0.829
0.102
0.673
0.164
0.134
0.730
0.386
0.720
0.727
0.864
0.084
0.938
0.804
0.981
0.453
0.525
0.145
0.568
0.354
0.793
0.409
0.656
0.026
0.871
0.108
0.278
0.188
0.815
0.045
0.312
0.913
0.194
0.996
0.409
0.339
0.646
0.828
0.440
0.075
0.803
0.169
0.988
0.377
0.858
0.225
0.579
0.341
0.353
0.001
0.462
0.889
0.714
0.140
0.967
0.933
0.303
0.437
0.907
0.759
0.242
0.042
0.798
0.127
0.252
0.792
0.258
0.418
0.013
0.253
0.966
0.401
0.273
0.347
0.270
0.439
0.747
0.062
0.272
0.331
0.607
0.990
0.513
0.394
0.193
0.549
0.121
0.483
0.989
0.488
0.946
0.394
0.095
0.881
0.233
0.980
0.900
0.862
0.164
0.757
0.772
0.674
0.496
0.431
0.574
0.042
0.757
0.280
0.428
0.758
0.627
0.644
0.558
0.727
0.779
0.376
0.075
0.109
0.523
0.679
0.571
0.065
0.062
0.084
0.577
0.192
0.750
0.767
0.499
0.550
0.374
0.495
0.726
0.738
0.692
0.279
0.504
0.378
0.912
0.904
0.640
0.530
0.323
0.258
0.971
0.273
0.108
0.626
0.570
0.027
0.768
0.963
0.027
0.473
0.503
0.684
0.956
0.644
0.590
0.193
0.635
0.832
0.257
0.274
0.540
0.700
0.740
0.715
0.983
0.547
0.431
0.552
0.972
0.598
0.592
0.772
0.485
0.880
0.550
0.171
0.683
0.465
0.013
0.710
0.999
0.693
0.471
0.375
0.648
0.717
0.178
0.659
0.464
0.301
0.518
0.956
0.323
0.858
0.994
0.582
0.160
0.835
0.572
0.223
0.223
0.515
0.951
0.968
0.972
0.946
0.954
0.601
0.100
0.064
0.470
0.623
0.139
0.550
0.614
0.655
0.436
0.292
0.189
0.043
0.038
0.527
0.849
0.220
0.178
0.064
0.576
0.112
0.724
0.061
0.258
0.128
0.803
0.230
0.116
0.571
0.546
0.429
0.707
0.943
0.320
0.025
0.935
0.543
0.534
0.630
0.044
0.807
0.646
0.866
0.852
0.507
0.843
0.929
0.878
0.206
0.063
0.353
0.669
0.220
0.716
0.557
0.692
0.645
0.600
0.910
0.448
0.805
0.985
0.148
0.976
0.731
0.161
0.083
0.010
0.297
0.437
0.969
0.385
0.617
0.868
0.679
0.013
0.620
0.973
0.681
0.660
0.269
0.056
0.812
0.102
0.628
0.014
0.315
0.201
0.418
0.999
0.996
0.681
0.455
0.030
0.369
0.321
0.897
0.439
0.725
0.880
0.795
0.955
0.100
0.439
0.328
0.519
0.599
0.579
0.167
0.867
0.757
0.463
0.042
0.398
0.142
0.667
0.616
0.126
0.971
0.711
0.207
0.005
0.851
0.752
0.277
0.610
0.314
0.487
0.838
0.009
0.888
0.921
0.813
0.088
0.414
0.590
0.137
0.378
0.041
0.588
0.240
0.858
0.135
0.315
0.209
0.702
0.459
0.390
0.252
0.849
0.926
0.407
0.783
0.164
0.602
0.053
0.657
0.829
0.201
0.452
0.056
0.874
0.924
0.385
0.556
0.985
0.333
0.046
0.874
0.444
0.822
0.430
0.941
0.592
0.036
0.242
0.613
0.692
0.797
0.118
0.533
0.451
0.688
0.867
0.636
0.401
0.861
0.895
0.543
0.451
0.648
0.697
0.538
0.650
0.551
0.947
0.604
0.009
0.274
0.107
0.091
0.309
0.335
0.733
0.467
0.615
0.564
0.429
0.559
0.658
0.769
0.601
0.966
0.096
0.695
0.558
0.564
0.703
0.706
0.198
0.072
0.598
0.336
0.150
0.862
0.169
0.863
0.329
0.192
0.317
0.322
0.600
0.909
0.607
0.729
0.818
0.237
0.053
0.213
0.215
0.615
0.463
0.720
0.956
0.925
0.629
0.878
0.825
0.167
0.309
0.743
0.945
0.156
0.446
0.010
0.524
0.642
0.585
0.647
0.793
0.037
0.083
0.337
0.603
0.353
0.707
0.860
0.751
0.434
0.595
0.589
0.945
0.637
0.892
0.435
0.947
0.030
0.385
0.933
0.928
0.718
0.439
0.387
0.242
0.547
0.858
0.008
0.825
0.325
0.603
0.391
0.391
0.946
0.099
0.674
0.839
0.210
0.797
0.977
0.194
0.621
0.653
0.254
0.768
0.782
0.045
0.797
0.534
0.731
0.271
0.592
0.638
0.733
0.725
0.158
0.954
0.306
0.794
0.207
0.228
0.735
0.063
0.625
0.807
0.780
0.476
0.960
0.161
0.518
0.394
0.755
0.948
0.638
0.620
0.226
0.466
0.135
0.263
0.977
0.112
0.301
0.081
0.468
0.985
0.219
0.451
0.036
0.501
0.310
0.635
0.613
0.670
0.824
0.119
0.899
0.330
0.154
0.415
0.158
0.527
0.070
0.596
0.068
0.480
0.150
0.370
0.758
0.394
0.670
0.476
0.057
0.953
0.259
0.448
0.665
0.777
0.273
0.465
0.629
0.180
0.429
0.998
0.837
0.266
0.759
0.839
0.308
0.546
0.800
0.280
0.623
0.311
0.731
0.911
0.753
0.242
0.714
0.867
0.749
0.063
0.305
0.908
0.428
0.683
0.501
0.331
0.475
0.111
0.629
0.403
0.529
0.073
0.943
0.393
0.757
0.370
0.345
0.492
0.960
0.731
0.685
0.470
0.006
0.124
0.780
0.731
0.934
0.205
0.972
0.131
0.526
0.251
0.355
0.576
0.574
0.975
0.269
0.179
0.556
0.780
0.081
0.928
0.218
0.646
0.991
0.169
0.006
0.224
0.796
0.254
0.193
0.211
0.496
0.103
0.520
0.699
0.373
0.167
0.566
0.826
0.464
0.388
0.440
0.652
0.453
0.247
0.855
0.520
0.237
0.678
0.947
0.905
0.369
0.744
0.831
0.552
0.760
0.167
0.335
0.083
0.532
0.465
0.360
0.447
0.868
0.771
0.817
0.479
0.394
0.747
0.262
0.180
0.223
0.833
0.139
0.376
0.642
0.444
0.453
0.504
0.480
0.909
0.753
0.107
0.563
0.487
0.009
0.146
0.027
0.858
0.218
0.475
0.300
0.610
0.597
0.155
0.465
0.396
0.454
0.050
0.326
0.543
0.190
0.393
0.421
0.001
0.208
0.166
0.180
0.613
0.656
0.371
0.137
0.151
0.053
0.984
0.677
0.870
0.211
0.151
0.703
0.509
0.070
0.513
0.376
0.831
0.234
0.270
0.043
0.185
0.496
0.686
0.729
0.689
0.766
0.829
0.086
0.040
0.612
0.137
0.010
0.533
0.108
0.419
0.694
0.867
0.387
0.077
0.327
0.352
0.929
0.499
0.569
0.271
0.828
0.504
0.483
0.080
0.029
0.987
0.422
0.649
0.149
0.152
0.519
0.739
0.910
0.946
0.287
0.953
0.606
0.614
0.471
0.795
0.799
0.092
0.136
0.121
0.138
0.243
0.517
0.990
0.458
0.490
0.604
0.392
0.221
0.652
0.844
0.614
0.345
0.890
0.402
0.972
0.228
0.795
0.333
0.619
0.504
0.527
0.520
0.753
0.281
0.365
0.953
0.126
0.125
0.718
0.392
0.979
0.474
0.566
0.970
0.864
0.678
0.262
0.234
0.659
0.008
0.793
0.802
0.807
0.444
0.228
0.091
0.805
0.074
0.928
0.057
0.170
0.895
0.133
0.628
0.434
0.865
0.719
0.419
0.483
0.763
0.273
0.555
0.114
0.374
0.664
0.735
0.891
0.862
0.786
0.250
0.218
0.158
0.674
0.658
0.574
0.599
0.871
0.877
0.043
0.470
0.917
0.224
0.619
0.555
0.510
0.659
0.241
0.221
0.682
0.512
0.490
0.334
0.974
0.773
0.118
0.472
0.623
0.887
0.877
0.651
0.986
0.831
0.318
0.071
0.545
0.916
0.062
0.704
0.824
0.693
0.320
0.054
0.064
0.630
0.573
0.389
0.167
0.948
0.536
0.200
0.019
0.856
0.633
0.843
0.620
0.955
0.043
0.400
0.984
0.914
0.286
0.647
0.637
0.230
0.761
0.132
0.569
0.297
0.465
0.655
0.207
0.359
0.305
0.625
0.230
0.667
0.567
0.456
0.940
0.989
0.408
0.992
0.055
0.851
0.011
0.597
0.114
0.096
0.102
0.615
0.505
0.811
0.406
0.125
0.425
0.985
0.784
0.607
0.123
0.547
0.388
0.323
0.240
0.438
0.407
0.387
0.746
0.213
0.610
0.642
0.374
0.741
0.775
0.789
0.507
0.382
0.351
0.610
0.729
0.052
0.432
0.109
0.808
0.407
0.704
0.911
0.793
0.824
0.349
0.147
0.316
0.796
0.622
0.213
0.293
0.121
0.813
0.633
0.974
0.322
0.812
0.119
0.294
0.474
0.267
0.156
0.712
0.310
0.348
0.868
0.097
0.860
0.488
0.426
0.523
0.883
0.071
0.829
0.661
0.569
0.623
0.471
0.603
0.746
0.186
0.791
0.322
0.852
0.223
0.350
0.401
0.272
0.118
0.819
0.616
0.107
0.542
0.640
0.439
0.994
0.896
0.627
0.252
0.058
0.469
0.512
0.308
0.944
0.680
0.044
0.492
0.205
0.875
0.438
0.694
0.021
0.689
0.796
0.332
0.907
0.733
0.340
0.272
0.736
0.536
0.097
0.976
0.087
0.345
0.647
0.580
0.602
0.587
0.553
0.082
0.356
0.385
0.596
0.344
0.632
0.064
0.645
0.733
0.821
0.316
0.421
0.852
0.313
0.438
0.196
0.197
0.203
0.626
0.226
0.524
0.657
0.279
0.283
0.486
0.582
0.583
0.848
0.593
0.226
0.016
0.192
0.872
0.930
0.322
0.870
0.273
0.086
0.138
0.633
0.883
0.430
0.434
0.781
0.583
0.788
0.191
0.613
0.772
0.992
0.098
0.920
0.546
0.150
0.441
0.629
0.867
0.616
0.508
0.517
0.881
0.240
0.548
0.617
0.874
0.571
0.334
0.992
0.817
0.554
0.233
0.703
0.612
0.150
0.239
0.510
0.312
0.093
0.212
0.296
0.073
0.757
0.984
0.052
0.754
0.830
0.087
0.001
0.624
0.420
0.797
0.580
0.426
0.162
0.379
0.044
0.258
0.483
0.232
0.295
0.058
0.591
0.084
0.444
0.697
0.662
0.528
0.544
0.515
0.984
0.568
0.141
0.032
0.730
0.830
0.485
0.216
0.903
0.010
0.486
0.564
0.207
0.310
0.331
0.982
0.121
0.998
0.679
0.511
0.259
0.708
0.242
0.711
0.059
0.958
0.400
0.654
0.498
0.532
0.098
0.335
0.212
0.871
0.795
0.293
0.659
0.959
0.344
0.140
0.857
0.200
0.232
0.047
0.187
0.764
0.550
0.020
0.711
0.481
0.710
0.315
0.860
0.580
0.711
0.264
0.736
0.348
0.496
0.729
0.978
0.225
0.091
0.404
0.985
0.952
0.442
0.216
0.150
0.352
0.197
0.353
0.691
0.107
0.737
0.506
0.415
0.443
0.304
0.010
0.789
0.907
0.213
0.939
0.304
0.544
0.220
0.744
0.128
0.922
0.254
0.768
0.441
0.367
0.952
0.087
0.986
0.363
0.838
0.663
0.903
0.261
0.477
0.748
0.579
0.944
0.195
0.047
0.406
0.029
0.026
0.375
0.756
0.800
0.699
0.065
0.077
0.566
0.315
0.774
0.721
0.927
0.223
0.968
0.443
0.229
0.659
0.026
0.150
0.435
0.886
0.820
0.281
0.931
0.485
0.166
0.772
0.696
0.034
0.829
0.722
0.345
0.520
0.879
0.825
0.457
0.408
0.578
0.074
0.656
0.604
0.019
0.264
0.046
0.743
0.615
0.264
0.515
0.801
0.933
0.307
0.982
0.431
0.410
0.264
0.341
0.942
0.121
0.405
0.475
0.092
0.541
0.943
0.431
0.165
0.677
0.172
0.983
0.963
0.346
0.570
0.011
0.623
0.015
0.803
0.513
0.106
0.195
0.392
0.841
0.093
0.281
0.825
0.873
0.979
0.343
0.666
0.137
0.086
0.581
0.554
0.241
0.438
0.182
0.395
0.191
0.322
0.718
0.589
0.543
0.553
0.982
0.543
0.816
0.622
0.233
0.892
0.300
0.951
0.552
0.527
0.659
0.704
0.787
0.538
0.495
0.241
0.521
0.004
0.130
0.796
0.919
0.272
0.700
0.787
0.523
0.379
0.181
0.869
0.859
0.060
0.554
0.510
0.786
0.317
0.715
0.284
0.884
0.637
0.193
0.858
0.876
0.325
0.218
0.758
0.826
0.503
0.745
0.849
0.524
0.442
0.115
0.209
0.900
0.939
0.342
0.575
0.365
0.429
0.179
0.409
0.407
0.508
0.851
0.297
0.285
0.413
0.100
0.683
0.656
0.191
0.768
0.635
0.587
0.180
0.509
0.753
0.882
0.822
0.400
0.640
0.122
0.416
0.981
0.662
0.129
0.211
0.791
0.958
0.581
0.511
0.398
0.297
0.667
0.656
0.585
0.172
0.778
0.234
0.757
0.534
0.220
0.364
0.363
0.066
0.298
0.947
0.968
0.434
0.030
0.076
0.445
0.817
0.477
0.503
0.678
0.526
0.633
0.742
0.476
0.446
0.462
0.307
0.119
0.763
0.746
0.472
0.329
0.763
0.176
0.293
0.690
0.082
0.158
0.002
0.517
0.537
0.696
0.043
0.135
0.513
0.193
0.306
0.455
0.639
0.578
0.111
0.027
0.599
0.099
0.382
0.344
0.062
0.705
0.289
0.680
0.775
0.131
0.839
0.927
0.294
0.985
0.715
0.410
0.956
0.050
0.533
0.411
0.858
0.272
0.866
0.222
0.072
0.253
0.531
0.402
0.322
0.649
0.195
0.069
0.681
0.599
0.513
0.038
0.315
0.609
0.177
0.081
0.825
0.773
0.473
0.565
0.195
0.714
0.117
0.448
0.702
0.787
0.449
0.031
0.988
0.330
0.640
0.701
0.300
0.232
0.689
0.242
0.816
0.020
0.606
0.858
0.002
0.892
0.716
0.391
0.891
0.069
0.871
0.510
0.089
0.825
0.583
0.332
0.897
0.532
0.803
0.924
0.934
0.343
0.832
0.746
0.872
0.152
0.818
0.621
0.765
0.322
0.937
0.238
0.502
0.606
0.510
0.919
0.016
0.420
0.657
0.087
0.647
0.101
0.132
0.484
0.200
0.713
0.267
0.165
0.558
0.118
0.184
0.624
0.911
0.852
0.870
0.150
0.737
0.121
0.250
0.948
0.112
0.595
0.520
0.696
0.841
0.109
0.908
0.625
0.353
0.628
0.795
0.727
0.535
0.808
0.997
0.737
0.472
0.405
0.665
0.688
0.990
0.340
0.928
0.015
0.547
0.564
0.148
0.174
0.625
0.104
0.827
0.121
0.780
0.152
0.617
0.157
0.501
0.181
0.290
0.376
0.319
0.779
0.759
0.713
0.281
0.262
0.686
0.503
0.526
0.368
0.199
0.643
0.619
0.748
0.585
0.029
0.510
0.046
0.583
0.620
0.840
0.343
0.015
0.319
0.374
0.929
0.580
0.148
0.446
0.959
0.449
0.789
0.285
0.487
0.386
0.156
0.208
0.224
0.761
0.567
0.307
0.118
0.394
0.618
0.731
0.314
0.609
0.060
0.603
0.242
0.540
0.255
0.743
0.608
0.672
0.560
0.239
0.217
0.971
0.750
0.514
0.133
0.735
0.509
0.576
0.997
0.844
0.538
0.121
0.263
0.959
0.205
0.103
0.513
0.104
0.805
0.565
0.242
0.784
0.448
0.633
0.783
0.107
0.598
0.768
0.839
0.525
0.610
0.710
0.751
0.125
0.169
0.750
0.103
0.423
0.348
0.552
0.436
0.338
0.498
0.130
0.234
0.721
0.302
0.575
0.999
0.478
0.361
0.027
0.628
0.223
0.864
0.249
0.841
0.142
0.617
0.343
0.931
0.015
0.168
0.705
0.017
0.277
0.431
0.390
0.912
0.481
0.954
0.303
0.275
0.980
0.713
0.161
0.128
0.559
0.107
0.641
0.205
0.178
0.134
0.951
0.358
0.672
0.767
0.171
0.492
0.514
0.866
0.811
0.943
0.346
0.483
0.948
0.345
0.343
0.421
0.525
0.235
0.714
0.579
0.395
0.558
0.700
0.669
0.462
0.487
0.840
0.042
0.273
0.377
0.367
0.846
0.905
0.553
0.585
0.645
0.749
0.702
0.661
0.253
0.897
0.840
0.351
0.662
0.270
0.982
0.298
0.215
0.684
0.165
0.428
0.516
0.397
0.169
0.901
0.849
0.635
0.218
0.469
0.769
0.078
0.792
0.161
0.076
0.197
0.462
0.460
0.948
0.652
0.643
0.948
0.512
0.769
0.222
0.738
0.953
0.960
0.101
0.311
0.746
0.986
0.629
0.024
0.550
0.633
0.854
0.658
0.775
0.770
0.774
0.126
0.269
0.363
0.108
0.887
0.665
0.551
0.879
0.493
0.673
0.718
0.231
0.974
0.978
0.807
0.389
0.260
0.663
0.552
0.812
0.706
0.821
0.848
0.306
0.940
0.493
0.344
0.815
0.667
0.022
0.334
0.180
0.915
0.993
0.704
0.333
0.351
0.735
0.217
0.442
0.220
0.789
0.974
0.783
0.942
0.370
0.613
0.387
0.779
0.959
0.656
0.947
0.983
0.680
0.823
0.045
0.330
0.542
0.468
0.656
0.573
0.575
0.501
0.560
0.814
0.513
0.871
0.383
0.400
0.588
0.916
0.394
0.917
0.990
0.995
0.665
0.514
0.081
0.277
0.760
0.372
0.738
0.374
0.273
0.010
0.956
0.837
0.624
0.175
0.041
0.475
0.048
0.407
0.016
0.462
0.310
0.823
0.970
0.548
0.407
0.090
0.008
0.110
0.651
0.942
0.061
0.045
0.976
0.321
0.465
0.713
0.440
0.651
0.740
0.605
0.619
0.893
0.741
0.125
0.123
0.660
0.455
0.425
0.562
0.075
0.369
0.456
0.948
0.257
0.299
0.099
0.667
0.008
0.566
0.017
0.258
0.554
0.812
0.553
0.464
0.245
0.334
0.044
0.855
0.677
0.317
0.238
0.423
0.431
0.624
0.905
0.746
0.336
0.862
0.204
0.139
0.097
0.062
0.399
0.739
0.926
0.218
0.750
0.781
0.757
0.928
0.968
0.952
0.066
0.014
0.039
0.724
0.064
0.288
0.612
0.293
0.186
0.168
0.278
0.662
0.010
0.631
0.430
0.071
0.703
0.077
0.482
0.795
0.655
0.293
0.592
0.265
0.290
0.232
0.072
0.261
0.068
0.679
0.912
0.588
0.431
0.572
0.620
0.679
0.398
0.508
0.001
0.219
0.377
0.659
0.051
0.846
0.304
0.940
0.471
0.797
0.428
0.817
0.377
0.534
0.773
0.083
0.816
0.285
0.435
0.596
0.698
0.736
0.023
0.348
0.604
0.110
0.997
0.418
0.405
0.136
0.897
0.560
0.096
0.911
0.082
0.765
0.128
0.566
0.561
0.577
0.961
0.886
0.412
0.382
0.978
0.641
0.705
0.880
0.651
0.592
0.515
0.484
0.991
0.518
0.684
0.849
0.844
0.499
0.272
0.458
0.955
0.526
0.214
0.000
0.999
0.137
0.888
0.912
0.490
0.460
0.754
0.021
0.537
0.121
0.372
0.927
0.568
0.078
0.912
0.248
0.322
0.975
0.873
0.440
0.156
0.046
0.592
0.467
0.977
0.825
0.862
0.280
0.732
0.190
0.671
0.025
0.177
0.179
0.600
0.261
0.576
0.070
0.423
0.130
0.667
0.993
0.077
0.602
0.471
0.482
0.491
0.382
0.038
0.131
0.272
0.634
0.023
0.356
0.385
0.490
0.764
0.288
0.279
0.321
0.300
0.861
0.172
0.206
0.577
0.467
0.041
0.235
0.631
0.380
0.398
0.601
0.871
0.510
0.283
0.952
0.666
0.562
0.915
0.498
0.567
0.909
0.539
0.816
0.719
0.122
0.161
0.822
0.574
0.762
0.629
0.532
0.605
0.314
0.288
0.140
0.799
0.035
0.822
0.473
0.845
0.327
0.157
0.929
0.964
0.836
0.791
0.835
0.481
0.024
0.321
0.238
0.973
0.848
0.950
0.411
0.175
0.036
0.485
0.520
0.082
0.466
0.729
0.925
0.705
0.970
0.045
0.130
0.101
0.265
0.953
0.541
0.313
0.785
0.687
0.553
0.997
0.563
0.053
0.948
0.859
0.709
0.905
0.761
0.202
0.735
0.840
0.715
0.691
0.314
0.748
0.129
0.078
0.050
0.894
0.995
0.159
0.667
0.615
0.317
0.598
0.094
0.300
0.751
0.841
0.740
0.997
0.265
0.842
0.467
0.526
0.742
0.479
0.898
0.004
0.903
0.099
0.301
0.288
0.987
0.365
0.323
0.517
0.021
0.519
0.589
0.365
0.046
0.863
0.636
0.538
0.560
0.797
0.390
0.412
0.043
0.599
0.548
0.423
0.901
0.043
0.654
0.997
0.303
0.517
0.786
0.807
0.114
0.142
0.197
0.944
0.831
0.477
0.610
0.931
0.037
0.565
0.090
0.609
0.494
0.706
0.016
0.339
0.917
0.040
0.670
0.273
0.162
0.072
0.916
0.340
0.738
0.290
0.300
0.600
0.232
0.192
0.768
0.908
0.544
0.374
0.337
0.539
0.961
0.872
0.317
0.156
0.857
0.195
0.405
0.768
0.622
0.558
0.328
0.003
0.104
0.722
0.556
0.060
0.935
0.155
0.291
0.932
0.409
0.407
0.961
0.530
0.016
0.369
0.991
0.724
0.507
0.533
0.742
0.204
0.464
0.878
0.428
0.949
0.248
0.220
0.018
0.461
0.348
0.258
0.844
0.880
0.876
0.938
0.486
0.541
0.821
0.693
0.008
0.710
0.846
0.258
0.847
0.160
0.774
0.604
0.680
0.631
0.344
0.761
0.775
0.030
0.504
0.770
0.295
0.798
0.653
0.938
0.324
0.702
0.927
0.632
0.817
0.105
0.933
0.425
0.189
0.270
0.015
0.383
0.896
0.793
0.051
0.820
0.908
0.166
0.421
0.262
0.556
0.963
0.286
0.279
0.481
0.319
0.345
0.846
0.175
0.502
0.250
0.202
0.906
0.913
0.074
0.835
0.652
0.444
0.391
0.691
0.436
0.210
0.643
0.714
0.147
0.666
0.773
0.352
0.610
0.959
0.378
0.258
0.383
0.537
0.333
0.909
0.539
0.203
0.825
0.853
0.824
0.747
0.576
0.162
0.364
0.365
0.130
0.655
0.377
0.800
0.971
0.161
0.385
0.959
0.165
0.513
0.767
0.782
0.814
0.871
0.779
0.138
0.570
0.127
0.755
0.269
0.461
0.201
0.091
0.292
0.323
0.989
0.580
0.913
0.401
0.581
0.600
0.814
0.977
0.199
0.105
0.838
0.126
0.651
0.294
0.573
0.365
0.439
0.021
0.354
0.339
0.722
0.750
0.615
0.098
0.929
0.593
0.638
0.620
0.409
0.157
0.300
0.412
0.136
0.958
0.200
0.980
0.504
0.905
0.091
0.731
0.194
0.419
0.592
0.953
0.105
0.626
0.137
0.042
0.481
0.289
0.053
0.530
0.014
0.125
0.125
0.311
0.626
0.252
0.050
0.434
0.563
0.025
0.808
0.009
0.539
0.095
0.080
0.698
0.491
0.206
0.217
0.482
0.620
0.148
0.350
0.065
0.811
0.061
0.992
0.825
0.952
0.796
0.213
0.498
0.210
0.261
0.073
0.407
0.399
0.203
0.951
0.443
0.759
0.989
0.011
0.361
0.308
0.916
0.762
0.584
0.310
0.468
0.845
0.199
0.138
0.966
0.185
0.946
0.893
0.234
0.250
0.303
0.155
0.155
0.003
0.229
0.534
0.684
0.456
0.424
0.788
0.655
0.815
0.362
0.058
0.076
0.139
0.225
0.999
0.124
0.214
0.925
0.408
0.354
0.175
0.243
0.990
0.720
0.478
0.490
0.206
0.971
0.448
0.793
0.714
0.043
0.360
0.384
0.636
0.780
0.078
0.041
0.198
0.858
0.420
0.119
0.414
0.989
0.656
0.434
0.272
0.550
0.290
0.385
0.732
0.939
0.703
0.896
0.843
0.451
0.893
0.296
0.209
0.287
0.839
0.387
0.038
0.005
0.852
0.093
0.309
0.976
0.136
0.384
0.404
0.699
0.790
0.849
0.177
0.469
0.602
0.422
0.556
0.862
0.673
0.031
0.211
0.684
0.478
0.097
0.005
0.863
0.498
0.501
0.407
0.030
0.278
0.346
0.401
0.928
0.513
0.698
0.330
0.158
0.008
0.183
0.162
0.432
0.212
0.400
0.545
0.758
0.529
0.361
0.790
0.779
0.394
0.213
0.297
0.532
0.115
0.870
0.001
0.044
0.672
0.362
0.197
0.233
0.914
0.119
0.221
0.821
0.569
0.651
0.564
0.844
0.147
0.910
0.535
0.482
0.526
0.765
0.201
0.443
0.746
0.426
0.458
0.435
0.325
0.851
0.936
0.698
0.060
0.503
0.600
0.125
0.118
0.202
0.664
0.936
0.685
0.712
0.873
0.149
0.666
0.797
0.471
0.816
0.853
0.716
0.355
0.387
0.869
0.401
0.679
0.732
0.053
0.621
0.028
0.744
0.269
0.569
0.775
0.871
0.686
0.842
0.431
0.522
0.012
0.340
0.072
0.285
0.759
0.513
0.863
0.538
0.235
0.540
0.094
0.908
0.089
0.669
0.758
0.693
0.001
0.139
0.037
0.917
0.847
0.728
0.498
0.625
0.330
0.512
0.630
0.389
0.894
0.318
0.081
0.586
0.766
0.291
0.320
0.057
0.816
0.914
0.093
0.732
0.201
0.510
0.595
0.252
0.199
0.693
0.251
0.887
0.183
0.243
0.956
0.627
0.248
0.902
0.831
0.634
0.223
0.230
0.669
0.993
0.228
0.566
0.685
0.396
0.254
0.054
0.842
0.205
0.627
0.387
0.524
0.742
0.462
0.312
0.445
0.184
0.175
0.325
0.460
0.320
0.596
0.862
0.829
0.529
0.029
0.289
0.733
0.869
0.830
0.251
0.284
0.698
0.193
0.447
0.973
0.900
0.043
0.109
0.483
0.984
0.274
0.282
0.234
0.598
0.726
0.423
0.950
0.483
0.753
0.507
0.590
0.462
0.873
0.808
0.787
0.675
0.291
0.995
0.352
0.691
0.540
0.289
0.406
0.597
0.805
0.137
0.092
0.907
0.275
0.683
0.453
0.750
0.468
0.226
0.088
0.792
0.259
0.187
0.136
0.421
0.654
0.358
0.629
0.744
0.581
0.732
0.515
0.885
0.537
0.344
0.876
0.286
0.243
0.421
0.803
0.890
0.413
0.997
0.778
0.913
0.950
0.113
0.232
0.354
0.801
0.435
0.061
0.890
0.603
0.068
0.863
0.906
0.163
0.850
0.415
0.452
0.749
0.466
0.625
0.604
0.701
0.379
0.681
0.794
0.128
0.189
0.448
0.427
0.749
0.912
0.943
0.406
0.004
0.589
0.720
0.045
0.410
0.786
0.542
0.122
0.923
0.386
0.061
0.323
0.138
0.333
0.876
0.478
0.156
0.137
0.206
0.419
0.101
0.920
0.231
0.351
0.925
0.379
0.638
0.285
0.305
0.113
0.158
0.770
0.969
0.426
0.392
0.326
0.889
0.896
0.013
0.723
0.441
0.881
0.985
0.493
0.730
0.504
0.379
0.222
0.093
0.569
0.556
0.682
0.331
0.361
0.207
0.767
0.173
0.088
0.850
0.765
0.261
0.417
0.951
0.133
0.152
0.519
0.391
0.465
0.151
0.207
0.049
0.492
0.662
0.320
0.230
0.723
0.560
0.151
0.291
0.048
0.681
0.716
0.746
0.256
0.089
0.977
0.313
0.779
0.996
0.379
0.246
0.318
0.969
0.530
0.643
0.661
0.372
0.911
0.046
0.134
0.335
0.676
0.902
0.503
0.132
0.509
0.733
0.283
0.726
0.853
0.684
0.300
0.214
0.222
0.923
0.695
0.394
0.814
0.763
0.157
0.109
0.598
0.129
0.874
0.128
0.659
0.447
0.017
0.213
0.286
0.514
0.584
0.601
0.335
0.546
0.919
0.748
0.246
0.350
0.675
0.579
0.776
0.516
0.106
0.594
0.697
0.994
0.750
0.372
0.895
0.140
0.270
0.963
0.875
0.931
0.897
0.178
0.978
0.860
0.936
0.256
0.623
0.819
0.904
0.477
0.997
0.779
0.743
0.288
0.602
0.350
0.816
0.926
0.142
0.727
0.659
0.404
0.904
0.477
0.732
0.108
0.875
0.345
0.137
0.518
0.444
0.094
0.231
0.363
0.798
0.051
0.482
0.357
0.112
0.121
0.276
0.024
0.040
0.149
0.621
0.360
0.819
0.065
0.255
0.761
0.039
0.390
0.480
0.734
0.067
0.429
0.253
0.486
0.587
0.098
0.889
0.133
0.961
0.950
0.562
0.518
0.311
0.350
0.009
0.517
0.975
0.634
0.690
0.358
0.491
0.459
0.817
0.357
0.064
0.088
0.510
0.401
0.267
0.034
0.653
0.497
0.219
0.519
0.397
0.821
0.115
0.805
0.501
0.566
0.763
0.209
0.230
0.972
0.279
0.019
0.360
0.048
0.491
0.563
0.634
0.043
0.558
0.872
0.695
0.158
0.231
0.489
0.800
0.518
0.889
0.135
0.403
0.664
0.191
0.225
0.930
0.296
0.238
0.245
0.178
0.829
0.452
0.037
0.585
0.508
0.308
0.671
0.549
0.546
0.037
0.565
0.712
0.106
0.154
0.727
0.089
0.108
0.969
0.729
0.737
0.850
0.518
0.951
0.793
0.158
0.372
0.558
0.341
0.248
0.850
0.816
0.170
0.866
0.200
0.328
0.134
0.944
0.975
0.484
0.908
0.423
0.555
0.135
0.143
0.851
0.871
0.454
0.532
0.647
0.723
0.566
0.456
0.289
0.001
0.668
0.674
0.355
0.871
0.304
0.004
0.558
0.986
0.245
0.377
0.192
0.677
0.357
0.803
0.141
0.644
0.296
0.936
0.451
0.726
0.191
0.533
0.497
0.553
0.414
0.882
0.205
0.476
0.049
0.086
0.361
0.026
0.461
0.236
0.187
0.931
0.179
0.777
0.843
0.510
0.360
0.750
0.697
0.667
0.102
0.132
0.734
0.516
0.683
0.971
0.006
0.644
0.187
0.187
0.491
0.713
0.116
0.495
0.240
0.229
0.537
0.714
0.907
0.548
0.831
0.676
0.161
0.609
0.690
0.062
0.156
0.804
0.652
0.459
0.150
0.930
0.134
0.711
0.886
0.702
0.605
0.151
0.592
0.793
0.254
0.213
0.896
0.221
0.287
0.444
0.034
0.017
0.953
0.993
0.327
0.798
0.330
0.481
0.662
0.939
0.907
0.373
0.145
0.524
0.943
0.839
0.788
0.630
0.654
0.872
0.408
0.876
0.792
0.187
0.866
0.538
0.309
0.833
0.230
0.600
0.549
0.650
0.746
0.807
0.528
0.767
0.290
0.130
0.745
0.424
0.993
0.909
0.826
0.657
0.205
0.515
0.475
0.377
0.609
0.764
0.492
0.296
0.696
0.972
0.791
0.558
0.647
0.801
0.265
0.205
0.093
0.227
0.889
0.540
0.363
0.150
0.813
0.360
0.504
0.259
0.147
0.928
0.770
0.337
0.364
0.513
0.510
0.699
0.152
0.136
0.679
0.028
0.317
0.501
0.873
0.554
0.594
0.654
0.428
0.693
0.160
0.167
0.385
0.362
0.685
0.672
0.571
0.607
0.238
0.535
0.096
0.983
0.102
0.367
0.092
0.294
0.223
0.818
0.846
0.681
0.215
0.452
0.420
0.892
0.464
0.090
0.557
0.743
0.286
0.244
0.944
0.582
0.045
0.436
0.785
0.734
0.841
0.069
0.841
0.192
0.225
0.112
0.168
0.755
0.636
0.552
0.770
0.059
0.721
0.381
0.711
0.382
0.528
0.432
0.586
0.850
0.409
0.367
0.055
0.938
0.394
0.197
0.425
0.545
0.888
0.269
0.228
0.621
0.332
0.582
0.187
0.880
0.733
0.653
0.846
0.750
0.049
0.031
0.056
0.273
0.778
0.159
0.570
0.898
0.031
0.863
0.547
0.948
0.979
0.437
0.402
0.597
0.172
0.112
0.268
0.711
0.386
0.835
0.553
0.968
0.728
0.081
0.771
0.384
0.205
0.614
0.071
0.308
0.071
0.639
0.375
0.022
0.287
0.596
0.952
0.700
0.744
0.496
0.235
0.707
0.957
0.565
0.686
0.925
0.716
0.785
0.390
0.820
0.248
0.231
0.769
0.740
0.828
0.757
0.856
0.457
0.476
0.372
0.053
0.179
0.325
0.407
0.137
0.630
0.564
0.563
0.557
0.968
0.246
0.404
0.044
0.460
0.864
0.341
0.125
0.510
0.070
0.510
0.031
0.305
0.628
0.370
0.682
0.300
0.514
0.225
0.988
0.143
0.508
0.231
0.529
0.220
0.893
0.087
0.678
0.462
0.655
0.981
0.486
0.824
0.282
0.556
0.311
0.274
0.578
0.659
0.832
0.719
0.514
0.500
0.733
0.369
0.871
0.907
0.962
0.827
0.986
0.389
0.772
0.759
0.646
0.386
0.734
0.507
0.547
0.571
0.646
0.638
0.229
0.613
0.029
0.354
0.341
0.954
0.798
0.625
0.390
0.559
0.093
0.866
0.782
0.009
0.054
0.821
0.324
0.763
0.916
0.427
0.029
0.440
0.424
0.826
0.676
0.650
0.706
0.421
0.274
0.195
0.054
0.787
0.940
0.045
0.653
0.265
0.740
0.550
0.891
0.912
0.565
0.762
0.021
0.739
0.599
0.922
0.310
0.851
0.694
0.464
0.781
0.553
0.282
0.415
0.204
0.853
0.553
0.063
0.081
0.626
0.370
0.866
0.122
0.948
0.820
0.478
0.790
0.070
0.520
0.015
0.221
0.188
0.363
0.693
0.185
0.079
0.656
0.160
0.885
0.309
0.577
0.593
0.087
0.884
0.875
0.247
0.166
0.535
0.532
0.534
0.678
0.650
0.553
0.181
0.608
0.388
0.301
0.281
0.209
0.821
0.107
0.465
0.975
0.843
0.012
0.948
0.615
0.286
0.722
0.498
0.144
0.248
0.211
0.956
0.558
0.558
0.139
0.485
0.969
0.511
0.705
0.754
0.895
0.772
0.415
0.756
0.215
0.890
0.141
0.212
0.153
0.422
0.888
0.205
0.895
0.750
0.248
0.616
0.968
0.837
0.197
0.742
0.653
0.468
0.540
0.741
0.123
0.737
0.917
0.015
0.034
0.454
0.245
0.799
0.271
0.868
0.181
0.146
0.253
0.052
0.339
0.253
0.844
0.823
0.110
0.049
0.176
0.597
0.953
0.832
0.280
0.450
0.031
0.322
0.402
0.113
0.820
0.631
0.836
0.667
0.282
0.793
0.636
0.991
0.795
0.041
0.081
0.788
0.405
0.974
0.207
0.100
0.028
0.238
0.114
0.900
0.252
0.583
0.283
0.759
0.907
0.090
0.607
0.297
0.444
0.873
0.522
0.407
0.649
0.221
0.335
0.191
0.123
0.468
0.169
0.189
0.667
0.826
0.279
0.138
0.879
0.705
0.726
0.742
0.796
0.908
0.013
0.717
0.865
0.103
0.666
0.804
0.089
0.355
0.189
0.230
0.557
0.878
0.894
0.231
0.511
0.314
0.263
0.819
0.709
0.363
0.728
0.175
0.089
0.887
0.936
0.774
0.160
0.630
0.246
0.561
0.159
0.981
0.106
0.290
0.938
0.208
0.191
0.853
0.213
0.680
0.001
0.152
0.673
0.518
0.335
0.756
0.270
0.095
0.045
0.062
0.788
0.588
0.846
0.322
0.702
0.085
0.556
0.150
0.372
0.142
0.354
0.323
0.036
0.442
0.993
0.378
0.510
0.145
0.401
0.571
0.442
0.064
0.043
0.411
0.639
0.315
0.359
0.429
0.798
0.149
0.290
0.912
0.572
0.786
0.173
0.711
0.221
0.572
0.316
0.476
0.398
0.196
0.245
0.030
0.231
0.465
0.813
0.862
0.670
0.625
0.934
0.514
0.609
0.022
0.119
0.690
0.776
0.437
0.218
0.965
0.709
0.363
0.482
0.370
0.854
0.602
0.737
0.863
0.354
0.310
0.964
0.195
0.126
0.146
0.553
0.539
0.019
0.056
0.308
0.551
0.989
0.493
0.856
0.429
0.243
0.389
0.107
0.036
0.981
0.443
0.510
0.708
0.951
0.304
0.177
0.713
0.581
0.185
0.237
0.192
0.346
0.695
0.968
0.575
0.483
0.619
0.993
0.367
0.244
0.142
0.195
0.846
0.623
0.877
0.838
0.590
0.407
0.273
0.977
0.131
0.598
0.072
0.273
0.842
0.553
0.260
0.415
0.095
0.002
0.951
0.662
0.859
0.094
0.988
0.605
0.053
0.990
0.001
0.806
0.567
0.902
0.969
0.062
0.434
0.736
0.659
0.309
0.923
0.257
0.011
0.649
0.010
0.444
0.616
0.807
0.745
0.706
0.465
0.318
0.940
0.469
0.965
0.336
0.221
0.275
0.420
0.803
0.671
0.642
0.713
0.327
0.345
0.293
0.394
0.094
0.633
0.242
0.198
0.581
0.584
0.723
0.794
0.103
0.132
0.913
0.467
0.566
0.230
0.925
0.066
0.193
0.130
0.117
0.640
0.880
0.259
0.788
0.198
0.194
0.806
0.555
0.104
0.722
0.752
0.294
0.566
0.632
0.330
0.064
0.062
0.149
0.859
0.349
0.779
0.039
0.312
0.279
0.391
0.232
0.646
0.995
0.868
0.886
0.974
0.374
0.407
0.287
0.374
0.001
0.057
0.168
0.887
0.411
0.818
0.765
0.587
0.501
0.584
0.557
0.850
0.597
0.956
0.731
0.604
0.503
0.976
0.281
0.712
0.081
0.781
0.864
0.828
0.892
0.798
0.107
0.565
0.206
0.351
0.164
0.197
0.719
0.258
0.781
0.160
0.015
0.639
0.410
0.377
0.428
0.227
0.365
0.694
0.720
0.303
0.449
0.581
0.245
0.716
0.413
0.518
0.330
0.836
0.241
0.093
0.500
0.883
0.291
0.830
0.084
0.785
0.947
0.093
0.562
0.185
0.872
0.925
0.066
0.603
0.706
0.081
0.190
0.954
0.641
0.677
0.583
0.822
0.190
0.523
0.708
0.910
0.791
0.111
0.067
0.699
0.531
0.088
0.264
0.130
0.779
0.084
0.001
0.668
0.533
0.527
0.801
0.032
0.074
0.769
0.250
0.146
0.811
0.424
0.310
0.867
0.549
0.636
1.000
0.259
0.387
0.099
0.323
0.487
0.065
0.216
0.418
0.677
0.884
0.025
0.470
0.450
0.096
0.941
0.177
0.360
0.173
0.037
0.335
0.084
0.166
0.548
0.868
0.430
0.360
0.700
0.292
0.987
0.612
0.259
0.853
0.597
0.295
0.336
0.782
0.117
0.431
0.472
0.408
0.344
0.389
0.756
0.341
0.798
0.201
0.867
0.325
0.422
0.103
0.979
0.503
0.146
0.567
0.441
0.928
0.360
0.184
0.386
0.453
0.574
0.882
0.580
0.216
0.095
0.824
0.310
0.029
0.771
0.257
0.933
0.873
0.049
0.152
0.447
0.891
0.664
0.623
0.056
0.140
0.410
0.935
0.551
0.296
0.555
0.672
0.717
0.669
0.225
0.858
0.329
0.121
0.857
0.133
0.540
0.354
0.872
0.228
0.127
0.980
0.241
0.664
0.311
0.461
0.640
0.259
0.778
0.701
0.394
0.290
0.575
0.356
0.449
0.690
0.567
0.622
0.167
0.302
0.512
0.300
0.901
0.566
0.868
0.162
0.703
0.649
0.107
0.891
0.519
0.207
0.499
0.624
0.716
0.163
0.283
0.507
0.619
0.526
0.560
0.410
0.040
0.066
0.007
0.895
0.546
0.185
0.006
0.397
0.765
0.488
0.133
0.145
0.327
0.600
0.195
0.461
0.758
0.108
0.168
0.610
0.171
0.014
0.097
0.418
0.912
0.693
0.032
0.051
0.515
0.562
0.617
0.285
0.359
0.705
0.822
0.004
0.763
0.500
0.911
0.588
0.453
0.792
0.254
0.022
0.357
0.592
0.773
0.494
0.198
0.179
0.244
0.785
0.615
0.050
0.536
0.455
0.693
0.201
0.768
0.392
0.307
0.443
0.048
0.843
0.394
0.681
0.146
0.923
0.577
0.050
0.570
0.273
0.660
0.379
0.016
0.022
0.723
0.110
0.350
0.264
0.795
0.687
0.131
0.820
0.603
0.611
0.816
0.287
0.442
0.205
0.617
0.073
0.370
0.645
0.052
0.758
0.749
0.384
0.073
0.570
0.300
0.813
0.759
0.317
0.013
0.669
0.184
0.681
0.178
0.526
0.180
0.406
0.991
0.778
0.465
0.332
0.024
0.872
0.367
0.306
0.951
0.642
0.712
0.696
0.829
0.126
0.883
0.985
0.192
0.554
0.742
0.186
0.633
0.360
0.217
0.360
0.860
0.633
0.969
0.100
0.918
0.157
0.669
0.826
0.963
0.207
0.108
0.989
0.595
0.945
0.883
0.938
0.721
0.818
0.130
0.559
0.534
0.847
0.247
0.407
0.291
0.552
0.808
0.650
0.372
0.900
0.236
0.953
0.203
0.069
0.336
0.695
0.301
0.051
0.291
0.550
0.720
0.640
0.893
0.118
0.721
0.773
0.959
0.585
0.101
0.332
0.739
0.496
0.915
0.200
0.859
0.052
0.890
0.550
0.557
0.507
0.803
0.693
0.357
0.482
0.014
0.938
0.783
0.518
0.893
0.680
0.459
0.339
0.028
0.599
0.578
0.585
0.118
0.797
0.982
0.526
0.841
0.103
0.173
0.566
0.331
0.719
0.196
0.384
0.975
0.369
0.566
0.499
0.153
0.449
0.190
0.868
0.778
0.791
0.246
0.225
0.493
0.652
0.468
0.498
0.864
0.664
0.968
0.063
0.312
0.113
0.303
0.003
0.352
0.976
0.654
0.824
0.334
0.560
0.823
0.171
1.000
0.693
0.635
0.365
0.565
0.451
0.908
0.475
0.107
0.567
0.329
0.716
0.063
0.670
0.981
0.522
0.315
0.734
0.869
0.670
0.843
0.939
0.868
0.133
0.104
0.903
0.530
0.832
0.310
0.895
0.364
0.107
0.921
0.844
0.935
0.276
0.304
0.632
0.975
0.099
0.826
0.445
0.874
0.194
0.853
0.606
0.912
0.481
0.661
0.654
0.614
0.562
0.063
0.029
0.760
0.144
0.772
0.756
0.871
0.885
0.479
0.057
0.065
0.420
0.651
0.732
0.627
0.584
0.485
0.520
0.474
0.903
0.674
0.539
0.223
0.948
0.558
0.582
0.844
0.301
0.333
0.469
0.950
0.807
0.014
0.257
0.896
0.159
0.588
0.237
0.872
0.187
0.828
0.679
0.141
0.216
0.863
0.916
0.564
0.445
0.973
0.065
0.341
0.071
0.894
0.538
0.938
0.426
0.156
0.040
0.988
0.498
0.768
0.257
0.842
0.745
0.926
0.711
0.918
0.377
0.244
0.147
0.987
0.552
0.260
0.076
0.180
0.984
0.124
0.634
0.150
0.634
0.280
0.657
0.408
0.301
0.621
0.511
0.216
0.900
0.087
0.325
0.849
0.881
0.912
0.248
0.396
0.901
0.288
0.310
0.470
0.224
0.026
0.823
0.727
0.758
0.781
0.221
0.483
0.806
0.596
0.605
0.148
0.143
0.276
0.274
0.483
0.952
0.712
0.304
0.947
0.283
0.474
0.133
0.401
0.004
0.007
0.289
0.085
0.910
0.690
0.919
0.394
0.854
0.779
0.292
0.939
0.282
0.879
0.905
0.486
0.649
0.692
0.424
0.868
0.977
0.673
0.714
0.078
0.458
0.326
0.750
0.474
0.269
0.708
0.354
0.136
0.915
0.820
0.498
0.509
0.811
0.435
0.926
0.504
0.885
0.695
0.103
0.228
0.373
0.029
0.111
0.714
0.331
0.831
0.542
0.773
0.695
0.449
0.265
0.805
0.089
0.334
0.283
0.248
0.977
0.421
0.603
0.751
0.999
0.563
0.374
0.201
0.687
0.440
0.387
0.269
0.283
0.444
0.574
0.818
0.622
0.785
0.852
0.490
0.849
0.286
0.254
0.015
0.114
0.698
0.283
0.954
0.047
0.001
0.340
0.473
0.379
0.674
0.825
0.812
0.062
0.397
0.294
0.366
0.667
0.158
0.821
0.939
0.483
0.704
0.642
0.132
0.194
0.154
0.079
0.604
0.623
0.704
0.673
0.067
0.545
0.826
0.956
0.362
0.959
0.623
0.412
0.566
0.792
0.486
0.658
0.775
0.739
0.541
0.054
0.077
0.889
0.128
0.638
0.370
0.522
0.702
0.684
0.824
0.683
0.034
0.448
0.338
0.647
0.194
0.040
0.907
0.391
0.016
0.006
0.478
0.878
0.399
0.700
0.095
0.087
0.189
0.385
0.762
0.320
0.603
0.150
0.097
0.059
0.380
0.143
0.303
0.676
0.807
0.702
0.940
0.116
0.506
0.073
0.290
0.122
0.040
0.328
0.077
0.478
0.816
0.261
0.593
0.993
0.782
0.056
0.599
0.602
0.206
0.529
0.619
0.991
0.904
0.243
0.904
0.364
0.377
0.319
0.684
0.326
0.953
0.597
0.293
0.885
0.764
0.704
0.400
0.116
0.433
0.846
0.001
0.340
0.531
0.311
0.567
0.858
0.454
0.753
0.496
0.048
0.436
0.997
0.570
0.610
0.424
0.928
0.151
0.768
0.937
0.039
0.029
0.202
0.805
0.565
0.470
0.249
0.097
0.046
0.020
0.100
0.393
0.366
0.896
0.713
0.417
0.884
0.473
0.456
0.869
0.982
0.007
0.255
0.566
0.554
0.065
0.496
0.381
0.682
0.922
0.507
0.152
0.825
0.819
0.716
0.602
0.087
0.223
0.866
0.544
0.304
0.033
0.696
0.294
0.070
0.259
0.712
0.233
0.181
0.554
0.278
0.447
0.184
0.932
0.360
0.410
0.627
0.191
0.437
0.536
0.262
0.984
0.167
0.527
0.672
0.474
0.397
0.140
0.084
0.809
0.301
0.151
0.616
0.211
0.122
0.321
0.611
0.446
0.762
0.846
0.279
0.599
0.807
0.459
0.513
0.588
0.219
0.679
0.668
0.019
0.814
0.097
0.004
0.487
0.865
0.178
0.328
0.517
0.891
0.942
0.808
0.763
0.402
0.266
0.964
0.135
0.707
0.164
0.632
0.315
0.273
0.040
0.701
0.161
0.811
0.454
0.912
0.539
0.226
0.116
0.475
0.458
0.204
0.872
0.939
0.426
0.974
0.922
0.047
0.628
0.478
0.501
0.287
0.386
0.861
0.705
0.593
0.709
0.533
0.921
0.032
0.843
0.296
0.027
0.875
0.334
0.997
0.676
0.088
0.206
0.427
0.801
0.375
0.277
0.702
0.512
0.597
0.756
0.211
0.314
0.483
0.541
0.737
0.788
0.419
0.449
0.631
0.428
0.818
0.542
0.417
0.942
0.363
0.799
0.268
0.964
0.969
0.007
0.474
0.083
0.835
0.560
0.206
0.100
0.165
0.218
0.125
0.750
0.372
0.023
0.871
0.656
0.934
0.127
0.972
0.557
0.685
0.619
0.119
0.619
0.286
0.170
0.528
0.908
0.642
0.165
0.144
0.884
0.458
0.286
0.578
0.585
0.330
0.825
0.481
0.047
0.313
0.324
0.283
0.348
0.034
0.401
0.486
0.176
0.723
0.754
0.509
0.667
0.372
0.565
0.652
0.113
0.562
0.109
0.043
0.623
0.587
0.406
0.339
0.546
0.380
0.064
0.681
0.639
0.432
0.079
0.363
0.599
0.638
0.484
0.342
0.399
0.430
0.939
0.691
0.850
0.363
0.830
0.902
0.184
0.835
0.008
0.870
0.150
0.448
0.252
0.616
0.457
0.212
0.406
0.094
0.421
0.790
0.308
0.245
0.232
0.574
0.686
0.561
0.976
0.533
0.939
0.743
0.160
0.853
0.678
0.935
0.985
0.863
0.099
0.536
0.251
0.373
0.598
0.062
0.520
0.710
0.775
0.147
0.577
0.363
0.825
0.173
0.923
0.284
0.523
0.712
0.227
0.137
0.825
0.160
0.899
0.656
0.751
0.063
0.062
0.000
0.771
0.055
0.050
0.820
0.313
0.487
0.216
0.599
0.847
0.708
0.064
0.249
0.000
0.485
0.521
0.218
0.994
0.093
0.850
0.013
0.768
0.742
0.002
0.541
0.084
0.220
0.997
0.912
0.080
0.777
0.882
0.090
0.674
0.309
0.162
0.403
0.053
0.013
0.671
0.139
0.295
0.847
0.823
0.565
0.894
0.206
0.283
0.615
0.106
0.056
0.754
0.821
0.516
0.891
0.809
0.843
0.821
0.636
0.242
0.139
0.273
0.481
0.587
0.326
0.078
0.510
0.469
0.347
0.954
0.475
0.859
0.420
0.042
0.870
0.041
0.316
0.529
0.412
0.656
0.434
0.397
0.198
0.398
0.265
0.905
0.938
0.986
0.670
0.993
0.214
0.135
0.069
0.501
0.365
0.078
0.247
0.417
0.335
0.641
0.502
0.004
0.423
0.296
0.140
0.313
0.136
0.699
0.818
0.986
0.545
0.472
0.605
0.848
0.308
0.806
0.195
0.548
0.722
0.665
0.468
0.042
0.826
0.916
0.026
0.728
0.755
0.032
0.532
0.286
0.288
0.863
0.233
0.628
0.838
0.367
0.974
0.629
0.138
0.798
0.044
0.210
0.704
0.013
0.646
0.281
0.285
0.158
0.287
0.610
0.304
0.889
0.211
0.145
0.734
0.200
0.886
0.472
0.721
0.510
0.435
0.097
0.563
0.279
0.641
0.007
0.894
0.399
0.207
0.927
0.826
0.401
0.483
0.712
0.427
0.727
0.884
0.890
0.889
0.673
0.139
0.300
0.293
0.947
0.146
0.155
0.275
0.805
0.818
0.525
0.442
0.705
0.299
0.621
0.152
0.859
0.965
0.232
0.435
0.360
0.880
0.183
0.212
0.822
0.176
0.169
0.236
0.577
0.254
0.359
0.191
0.602
0.665
0.699
0.295
0.352
0.508
0.571
0.666
0.168
0.844
0.002
0.267
0.648
0.786
0.376
0.576
0.941
0.051
0.967
0.906
0.057
0.550
0.911
0.058
0.612
0.840
0.400
0.191
0.422
0.938
0.487
0.056
0.931
0.398
0.156
0.640
0.828
0.196
0.850
0.291
0.008
0.829
0.088
0.972
0.318
0.827
0.195
0.446
0.239
0.643
0.923
0.838
0.974
0.319
0.531
0.147
0.902
0.463
0.919
0.880
0.744
0.637
0.917
0.309
0.135
0.796
0.161
0.812
0.236
0.523
0.998
0.850
0.541
0.647
0.384
0.405
0.362
0.236
0.854
0.882
0.816
0.731
0.775
0.869
0.681
0.109
0.612
0.135
0.258
0.757
0.590
0.843
0.783
0.619
0.692
0.762
0.270
0.490
0.395
0.692
0.077
0.743
0.597
0.343
0.543
0.279
0.274
0.250
0.804
0.100
0.561
0.349
0.185
0.905
0.046
0.593
0.380
0.704
0.045
0.426
0.400
0.694
0.734
0.578
0.055
0.116
0.971
0.622
0.171
0.586
0.150
0.339
0.119
0.503
0.230
0.765
0.402
0.910
0.605
0.337
0.962
0.974
0.596
0.349
0.852
0.686
0.856
0.602
0.536
0.230
0.708
0.790
0.742
0.817
0.397
0.022
0.531
0.374
0.622
0.288
0.728
0.238
0.644
0.071
0.004
0.408
0.345
0.512
0.650
0.801
0.086
0.352
0.654
0.613
0.231
0.760
0.466
0.284
0.605
0.179
0.320
0.497
0.976
0.139
0.949
0.355
0.113
0.074
0.888
0.546
0.529
0.766
0.291
0.305
0.902
0.236
0.704
0.859
0.800
0.064
0.545
0.976
0.810
0.720
0.406
0.270
0.179
0.372
0.650
0.983
0.928
0.723
0.036
0.878
0.307
0.694
0.627
0.549
0.530
0.451
0.479
0.874
0.863
0.992
0.246
0.474
0.485
0.172
0.883
0.614
0.280
0.279
0.607
0.717
0.809
0.524
0.971
0.597
0.432
0.732
0.754
0.626
0.128
0.562
0.507
0.440
0.095
0.033
0.014
0.654
0.453
0.828
0.029
0.776
0.646
0.357
0.744
0.507
0.123
0.010
0.131
0.947
0.329
0.296
0.821
0.689
0.607
0.201
0.277
0.880
0.891
0.913
0.026
0.368
0.059
0.639
0.141
0.876
0.846
0.722
0.608
0.954
0.705
0.220
0.048
0.745
0.551
0.909
0.618
0.323
0.530
0.708
0.952
0.496
0.008
0.090
0.246
0.604
0.478
0.241
0.656
0.049
0.249
0.593
0.229
0.525
0.785
0.041
0.097
0.682
0.544
0.926
0.868
0.787
0.985
0.656
0.903
0.561
0.707
0.038
0.696
0.580
0.296
0.266
0.950
0.580
0.748
0.146
0.109
0.316
0.624
0.346
0.408
0.917
0.146
0.319
0.697
0.149
0.059
0.137
0.575
0.102
0.901
0.421
0.489
0.378
0.646
0.498
0.836
0.353
0.727
0.123
0.715
0.942
0.630
0.027
0.019
0.008
0.070
0.668
0.977
0.368
0.590
0.554
0.372
0.226
0.577
0.993
0.129
0.572
0.040
0.234
0.273
0.938
0.846
0.841
0.206
0.403
0.023
0.652
0.420
0.729
0.691
0.085
0.381
0.510
0.895
0.501
0.900
0.971
0.364
0.926
0.724
0.351
0.240
0.395
0.512
0.658
0.306
0.668
0.111
0.052
0.246
0.778
0.248
0.492
0.546
0.499
0.775
0.632
0.115
0.132
0.410
0.361
0.391
0.231
0.951
0.067
0.812
0.379
0.309
0.892
0.687
0.308
0.200
0.827
0.599
0.104
0.739
0.410
0.094
0.880
0.817
0.836
0.059
0.025
0.312
0.732
0.890
0.688
0.553
0.540
0.414
0.099
0.249
0.442
0.489
0.086
0.328
0.338
0.923
0.951
0.244
0.830
0.925
0.534
0.326
0.421
0.281
0.525
0.659
0.131
0.100
0.394
0.731
0.855
0.266
0.328
0.644
0.912
0.478
0.657
0.508
0.431
0.766
0.996
0.109
0.228
0.440
0.163
0.823
0.299
0.887
0.245
0.925
0.974
0.346
0.094
0.071
0.342
0.263
0.999
0.239
0.469
0.431
0.782
0.820
0.144
0.363
0.114
0.673
0.485
0.311
0.471
0.677
0.604
0.849
0.791
0.842
0.896
0.409
0.573
0.300
0.670
0.709
0.721
0.323
0.271
0.707
0.697
0.637
0.587
0.026
0.322
0.212
0.433
0.154
0.784
0.784
0.988
0.906
0.148
0.850
0.712
0.005
0.845
0.226
0.491
0.479
0.556
0.381
0.485
0.979
0.904
0.995
0.999
0.328
0.091
0.272
0.620
0.862
0.178
0.572
0.518
0.282
0.041
0.497
0.104
0.883
0.184
0.927
0.739
0.092
0.272
0.429
0.494
0.150
0.775
0.683
0.697
0.910
0.726
0.206
0.020
0.787
0.716
0.289
0.637
0.429
0.994
0.589
0.960
0.546
0.011
0.344
0.783
0.828
0.105
0.362
0.158
0.087
0.344
0.324
0.902
0.321
0.128
0.475
0.876
0.102
0.005
0.716
0.677
0.769
0.179
0.787
0.763
0.079
0.160
0.451
0.634
0.839
0.437
0.145
0.356
0.181
0.097
0.301
0.460
0.295
0.991
0.711
0.859
0.822
0.037
0.632
0.703
0.927
0.727
0.257
0.040
0.119
0.588
0.578
0.788
0.664
0.727
0.827
0.394
0.723
0.008
0.572
0.824
0.446
0.070
0.748
0.499
0.666
0.227
0.293
0.088
0.120
0.060
0.950
0.642
0.924
0.083
0.838
0.478
0.108
0.038
0.887
0.597
0.112
0.621
0.447
0.366
0.487
0.080
0.979
0.517
0.510
0.524
0.103
0.067
0.040
0.709
0.953
0.681
0.112
0.523
0.028
0.549
0.267
0.590
0.647
0.241
0.294
0.447
0.538
0.794
0.871
0.057
0.984
0.961
0.423
0.140
0.955
0.353
0.792
0.399
0.051
0.235
0.772
0.488
0.305
0.935
0.710
0.028
0.772
0.503
0.604
0.519
0.802
0.227
0.380
0.056
0.492
0.587
0.821
0.929
0.150
0.780
0.109
0.458
0.508
0.210
0.507
0.810
0.828
0.743
0.629
0.094
0.211
0.847
0.719
0.141
0.302
0.322
0.230
0.074
0.720
0.210
0.445
0.127
0.135
0.653
0.782
0.582
0.668
0.181
0.959
0.912
0.266
0.862
0.626
0.408
0.142
0.794
0.902
0.634
0.800
0.291
0.967
0.927
0.066
0.078
0.752
0.507
0.663
0.990
0.361
0.660
0.076
0.093
0.431
0.071
0.292
0.161
0.826
0.362
0.148
0.042
0.823
0.812
0.205
0.764
0.664
0.817
0.933
0.125
0.602
0.764
0.151
0.490
0.101
0.547
0.862
0.804
0.688
0.791
0.821
0.556
0.128
0.358
0.109
0.176
0.454
0.606
0.480
0.015
0.305
0.458
0.068
0.339
0.241
0.271
0.436
0.195
0.056
0.054
0.226
0.811
0.404
0.274
0.890
1.000
0.333
0.188
0.738
0.296
0.103
0.050
0.646
0.923
0.049
0.609
0.540
0.471
0.764
0.884
0.952
0.519
0.891
0.978
0.929
0.723
0.069
0.769
0.603
0.796
0.994
0.079
0.257
0.765
0.545
0.446
0.933
0.484
0.179
0.728
0.796
0.638
0.919
0.988
0.028
0.096
0.275
0.653
0.614
0.277
0.825
0.917
0.970
0.148
0.186
0.640
0.489
0.278
0.836
0.289
0.923
0.196
0.670
0.501
0.428
0.600
0.101
0.701
0.651
0.121
0.492
0.563
0.143
0.026
0.813
0.225
0.262
0.172
0.676
0.141
0.429
0.475
0.372
0.864
0.971
0.616
0.643
0.307
0.123
0.223
0.406
0.741
0.450
0.619
0.378
0.128
0.398
0.901
0.429
0.302
0.633
0.092
0.192
0.222
0.941
0.614
0.805
0.300
0.412
0.474
0.898
0.241
0.788
0.161
0.909
0.459
0.007
0.630
0.972
0.480
0.312
0.118
0.587
0.445
0.800
0.066
0.254
0.029
0.706
0.442
0.405
0.103
0.488
0.267
0.770
0.307
0.394
0.579
0.461
0.411
0.857
0.897
0.790
0.678
0.010
0.909
0.521
0.517
0.544
0.940
0.280
0.658
0.146
0.261
0.109
0.419
0.957
0.139
0.844
0.588
0.357
0.082
0.164
0.641
0.358
0.237
0.283
0.267
0.236
0.208
0.531
0.548
0.654
0.670
0.599
0.582
0.430
0.627
0.218
0.909
0.520
0.173
0.766
0.884
0.423
0.323
0.396
0.947
0.839
0.939
0.020
0.385
0.642
0.578
0.933
0.559
0.977
0.475
0.462
0.688
0.809
0.980
0.138
0.631
0.163
0.063
0.951
0.697
0.146
0.883
0.612
0.371
0.675
0.598
0.615
0.872
0.040
0.459
0.328
0.040
0.649
0.007
0.749
0.583
0.410
0.241
0.930
0.059
0.753
0.216
0.592
0.531
0.725
0.322
0.581
0.053
0.927
0.615
0.153
0.909
0.454
0.515
0.744
0.365
0.046
0.491
0.543
0.392
0.212
0.999
0.795
0.810
0.785
0.868
0.846
0.860
0.952
0.037
0.338
0.192
0.941
0.931
0.183
0.474
0.460
0.643
0.528
0.969
0.907
0.569
0.050
0.545
0.381
0.014
0.049
0.351
0.130
0.812
0.845
0.553
0.150
0.572
0.040
0.361
0.845
0.294
0.321
0.959
0.989
0.122
0.750
0.400
0.152
0.552
0.497
0.270
0.602
0.027
0.586
0.587
0.857
0.493
0.188
0.366
0.354
0.745
0.798
0.460
0.440
0.652
0.414
0.792
0.779
0.119
0.162
0.985
0.106
0.772
0.853
0.774
0.108
0.976
0.744
0.323
0.280
0.219
0.826
0.137
0.765
0.636
0.720
0.542
0.920
0.195
0.378
0.446
0.914
0.188
0.131
0.618
0.162
0.560
0.807
0.696
0.486
0.784
0.888
0.268
0.118
0.101
0.495
0.978
0.720
0.555
0.160
0.842
0.358
0.325
0.805
0.152
0.414
0.617
0.487
0.652
0.908
0.742
0.907
0.291
0.153
0.993
0.370
0.172
0.141
0.975
0.323
0.930
0.191
0.844
0.069
0.035
0.433
0.563
0.323
0.668
0.349
0.488
0.336
0.559
0.974
0.384
0.758
0.101
0.341
0.020
0.747
0.584
0.492
0.358
0.761
0.135
0.681
0.235
0.533
0.950
0.106
0.759
0.779
0.282
0.030
0.032
0.337
0.986
0.853
0.089
0.891
0.499
0.531
0.430
0.301
0.084
0.456
0.236
0.054
0.709
0.533
0.784
0.202
0.698
0.445
0.144
0.702
0.414
0.074
0.788
0.027
0.619
0.437
0.954
0.537
0.829
0.797
0.316
0.806
0.025
0.934
0.563
0.297
0.232
0.447
0.145
0.586
0.309
0.464
0.447
0.273
0.778
0.016
0.117
0.145
0.896
0.422
0.718
0.282
0.955
0.924
0.998
0.405
0.667
0.706
0.890
0.013
0.576
0.954
0.253
0.887
0.201
0.155
0.992
0.585
0.194
0.130
0.783
0.234
0.934
0.433
0.659
0.685
0.256
0.519
0.693
0.397
0.498
0.025
0.067
0.986
0.513
0.029
0.297
0.964
0.898
0.189
0.326
0.628
0.428
0.920
0.403
0.145
0.939
0.902
0.878
0.971
0.430
0.285
0.047
0.659
0.202
0.614
0.851
0.177
0.462
0.953
0.261
0.367
0.972
0.233
0.218
0.230
0.013
0.285
0.616
0.046
0.205
0.057
0.967
0.129
0.629
0.795
0.444
0.263
0.909
0.853
0.894
0.693
0.183
0.523
0.804
0.047
0.253
0.622
0.067
0.133
0.537
0.087
0.981
0.326
0.380
0.263
0.572
0.746
0.456
0.485
0.938
0.568
0.166
0.948
0.160
0.785
0.657
0.044
0.341
0.079
0.608
0.303
0.224
0.098
0.122
0.713
0.382
0.701
0.072
0.650
0.976
0.474
0.325
0.482
0.950
0.688
0.459
0.076
0.365
0.187
0.899
0.602
0.724
0.480
0.208
0.154
0.158
0.585
0.773
0.576
0.458
0.186
0.171
0.133
0.415
0.013
0.262
0.964
0.905
0.508
0.412
0.149
0.419
0.777
0.127
0.236
0.677
0.114
0.285
0.415
0.313
0.730
0.850
0.894
0.088
0.460
0.212
0.342
0.141
0.102
0.335
0.403
0.365
0.074
0.386
0.323
0.235
0.979
0.262
0.064
0.808
0.291
0.847
0.428
0.535
0.621
0.953
0.715
0.643
0.141
0.028
0.740
0.970
0.753
0.452
0.827
0.181
0.526
